000001 0 0 0 0.000000
000002 0 0 0 0.000000
000003 0 0 0 0.000000
000004 0 0 0 0.000000
000005 0 0 0 0.000000
000006 0 0 0 0.000000
000007 0 0 0 0.000000
000008 0 0 0 0.000000
000009 0 0 0 0.000000
000010 0 0 0 0.000000
000011 0 0 0 0.000000
000012 0 0 0 0.000000
000013 0 0 0 0.000000
000014 0 0 0 0.000000
000015 0 0 0 0.000000
000016 0 0 0 0.000000
000017 0 0 0 0.000000
000018 0 0 0 0.000000
000019 0 0 0 0.000000
000020 0 0 0 0.000000
000021 0 0 0 0.000000
000022 0 0 0 0.000000
000023 0 0 0 0.000000
000024 0 0 0 0.000000
000025 0 0 0 0.000000
000026 0 0 0 0.000000
000027 0 0 0 0.000000
000028 0 0 0 0.000000
000029 0 0 0 0.000000
000030 0 0 0 0.000000
000031 0 0 0 0.000000
000032 0 0 0 0.000000
000033 0 0 0 0.000000
000034 0 0 0 0.000000
000035 0 0 0 0.000000
000036 0 0 0 0.000000
000037 0 0 0 0.000000
000038 0 0 0 0.000000
000039 0 0 0 0.000000
000040 0 0 0 0.000000
000041 0 0 0 0.000000
000042 0 0 0 0.000000
000043 0 0 0 0.000000
000044 0 0 0 0.000000
000045 0 0 0 0.000000
000046 0 0 0 0.000000
000047 0 0 0 0.000000
000048 0 0 0 0.000000
000049 0 0 0 0.000000
000050 0 0 0 0.000000
000051 0 0 0 0.000000
000052 0 0 0 0.000000
000053 0 0 0 0.000000
000054 0 0 0 0.000000
000055 0 0 0 0.000000
000056 0 0 0 0.000000
000057 0 0 0 0.000000
000058 0 0 0 0.000000
000059 0 0 0 0.000000
000060 0 0 0 0.000000
000061 0 0 0 0.000000
000062 0 0 0 0.000000
000063 0 0 0 0.000000
000064 0 0 0 0.000000
000065 0 0 0 0.000000
000066 0 0 0 0.000000
000067 0 0 0 0.000000
000068 0 0 0 0.000000
000069 0 0 0 0.000000
000070 0 0 0 0.000000
000071 0 0 0 0.000000
000072 0 0 0 0.000000
000073 0 0 0 0.000000
000074 0 0 0 0.000000
000075 0 0 0 0.000000
000076 0 0 0 0.000000
000077 0 0 0 0.000000
000078 0 0 0 0.000000
000079 0 0 0 0.000000
000080 0 0 0 0.000000
000081 0 0 0 0.000000
000082 0 0 0 0.000000
000083 0 0 0 0.000000
000084 0 0 0 0.000000
000085 0 0 0 0.000000
000086 0 0 0 0.000000
000087 0 0 0 0.000000
000088 0 0 0 0.000000
000089 0 0 0 0.000000
000090 0 0 0 0.000000
000091 0 0 0 0.000000
000092 0 0 0 0.000000
000093 0 0 0 0.000000
000094 0 0 0 0.000000
000095 0 0 0 0.000000
000096 0 0 0 0.000000
000097 0 0 0 0.000000
000098 0 0 0 0.000000
000099 0 0 0 0.000000
000100 0 0 0 0.000000
000101 0 0 0 0.000000
000102 0 0 0 0.000000
000103 0 0 0 0.000000
000104 0 0 0 0.000000
000105 0 0 0 0.000000
000106 0 0 0 0.000000
000107 0 0 0 0.000000
000108 0 0 0 0.000000
000109 0 0 0 0.000000
000110 0 0 0 0.000000
000111 0 0 0 0.000000
000112 0 0 0 0.000000
000113 0 0 0 0.000000
000114 0 0 0 0.000000
000115 0 0 0 0.000000
000116 0 0 0 0.000000
000117 0 0 0 0.000000
000118 0 0 0 0.000000
000119 0 0 0 0.000000
000120 0 0 0 0.000000
000121 0 0 0 0.000000
000122 0 0 0 0.000000
000123 0 0 0 0.000000
000124 0 0 0 0.000000
000125 0 0 0 0.000000
000126 0 0 0 0.000000
000127 0 0 0 0.000000
000128 0 0 0 0.000000
000129 0 0 0 0.000000
000130 0 0 0 0.000000
000131 0 0 0 0.000000
000132 0 0 0 0.000000
000133 0 0 0 0.000000
000134 0 0 0 0.000000
000135 0 0 0 0.000000
000136 0 0 0 0.000000
000137 0 0 0 0.000000
000138 0 0 0 0.000000
000139 0 0 0 0.000000
000140 0 0 0 0.000000
000141 0 0 0 0.000000
000142 0 0 0 0.000000
000143 0 0 0 0.000000
000144 0 0 0 0.000000
000145 0 0 0 0.000000
000146 0 0 0 0.000000
000147 0 0 0 0.000000
000148 0 0 0 0.000000
000149 0 0 0 0.000000
000150 0 0 0 0.000000
000151 0 0 0 0.000000
000152 0 0 0 0.000000
000153 0 0 0 0.000000
000154 0 0 0 0.000000
000155 0 0 0 0.000000
000156 0 0 0 0.000000
000157 0 0 0 0.000000
000158 0 0 0 0.000000
000159 0 0 0 0.000000
000160 0 0 0 0.000000
000161 0 0 0 0.000000
000162 0 0 0 0.000000
000163 0 0 0 0.000000
000164 0 0 0 0.000000
000165 0 0 0 0.000000
000166 0 0 0 0.000000
000167 0 0 0 0.000000
000168 0 0 0 0.000000
000169 0 0 0 0.000000
000170 0 0 0 0.000000
000171 0 0 0 0.000000
000172 0 0 0 0.000000
000173 0 0 0 0.000000
000174 0 0 0 0.000000
000175 0 0 0 0.000000
000176 0 0 0 0.000000
000177 1 0 0 0.000000
000178 1 1 0 0.742424
000179 1 1 0 0.682927
000180 1 0 0 0.000000
000181 1 0 0 0.000000
000182 1 0 0 0.000000
000183 1 0 0 0.000000
000184 1 0 0 0.000000
000185 1 0 0 0.000000
000186 1 1 0 0.772472
000187 1 1 0 0.652856
000188 1 1 0 0.681060
000189 1 1 0 0.627446
000190 1 1 0 0.646026
000191 1 1 0 0.555058
000192 1 1 0 0.612078
000193 1 1 0 0.587563
000194 1 1 0 0.541522
000195 1 1 0 0.587564
000196 1 1 0 0.598448
000197 1 1 0 0.621132
000198 1 1 0 0.665752
000199 1 1 0 0.676276
000200 1 0 0 0.000000
000201 1 0 0 0.000000
000202 1 0 0 0.000000
000203 1 0 0 0.000000
000204 1 0 0 0.000000
000205 1 0 0 0.000000
000206 1 1 0 0.830325
000207 1 1 0 0.766310
000208 1 1 0 0.824414
000209 1 1 0 0.784802
000210 2 1 0 0.893321
000211 2 1 0 0.815503
000212 2 1 0 0.824630
000213 2 1 0 0.784707
000214 2 1 0 0.784707
000215 2 0 0 0.000000
000216 2 1 0 0.847748
000217 2 1 0 0.784707
000218 2 1 0 0.672264
000219 2 1 0 0.788373
000220 2 1 0 0.822398
000221 2 0 0 0.000000
000222 2 0 0 0.000000
000223 2 1 0 0.727963
000224 2 0 0 0.000000
000225 2 0 0 0.000000
000226 2 0 0 0.000000
000227 2 0 0 0.000000
000228 2 2 0 0.905198
000229 2 1 0 0.797668
000230 2 2 0 0.797067
000231 2 2 0 0.743793
000232 2 2 0 0.718845
000233 2 2 0 0.728067
000234 2 2 0 0.748883
000235 2 2 0 0.844516
000236 2 2 0 0.695444
000237 2 2 0 0.769718
000238 2 1 0 0.756803
000239 2 1 0 0.787075
000240 2 1 0 0.662479
000241 2 0 0 0.000000
000242 2 1 0 0.573571
000243 2 1 0 0.579042
000244 2 1 0 0.714804
000245 2 2 0 0.639132
000246 2 1 0 0.874752
000247 2 1 0 0.823613
000248 2 1 0 0.833421
000249 2 1 0 0.897986
000250 2 1 0 0.753192
000251 2 1 0 0.672855
000252 2 1 0 0.645596
000253 2 1 0 0.732785
000254 2 1 0 0.868328
000255 2 2 0 0.913446
000256 2 1 0 0.814751
000257 2 1 0 0.698135
000258 2 1 0 0.709215
000259 2 1 0 0.640001
000260 2 0 0 0.000000
000261 2 1 0 0.730217
000262 2 0 0 0.000000
000263 2 0 0 0.000000
000264 2 0 0 0.000000
000265 2 0 0 0.000000
000266 2 0 0 0.000000
000267 2 1 0 0.671790
000268 2 2 0 0.871371
000269 2 2 0 0.836129
000270 2 2 0 0.812664
000271 2 2 0 0.804868
000272 2 1 0 0.613140
000273 2 2 0 0.780633
000274 2 1 0 0.881398
000275 2 1 0 0.881398
000276 2 1 0 0.854841
000277 2 1 0 0.825054
000278 2 1 0 0.831115
000279 2 1 0 0.850500
000280 2 1 0 0.714191
000281 2 1 0 0.726503
000282 2 1 0 0.787444
000283 2 1 0 0.725677
000284 2 1 0 0.772624
000285 2 1 0 0.854841
000286 2 1 0 0.863919
000287 2 1 0 0.850500
000288 2 1 0 0.854841
000289 2 1 0 0.839297
000290 2 2 0 0.751603
000291 2 1 0 0.724139
000292 2 1 0 0.755206
000293 2 1 0 0.683077
000294 2 1 0 0.777656
000295 2 1 0 0.773651
000296 2 1 0 0.842082
000297 2 1 0 0.802206
000298 2 1 0 0.675463
000299 2 1 0 0.714240
000300 2 0 0 0.000000
000301 2 1 0 0.606939
000302 2 0 0 0.000000
000303 2 0 0 0.000000
000304 2 1 0 0.781936
000305 2 1 0 0.765368
000306 2 2 0 0.797523
000307 2 2 0 0.780941
000308 2 2 0 0.787314
000309 2 2 0 0.786001
000310 2 1 0 0.867049
000311 2 2 0 0.861660
000312 2 1 0 0.755613
000313 2 2 0 0.835617
000314 2 1 0 0.803931
000315 2 1 0 0.741302
000316 2 0 0 0.000000
000317 2 0 0 0.000000
000318 2 1 0 0.767514
000319 2 1 0 0.871029
000320 2 1 0 0.887160
000321 2 1 0 0.871029
000322 2 0 0 0.000000
000323 2 1 0 0.890466
000324 2 1 0 0.855494
000325 2 1 0 0.798214
000326 2 1 0 0.871029
000327 2 1 0 0.951993
000328 2 1 0 0.838227
000329 2 1 0 0.782864
000330 2 2 0 0.785466
000331 2 1 0 0.639097
000332 2 1 0 0.758819
000333 2 1 0 0.758819
000334 2 1 0 0.731231
000335 2 1 0 0.707046
000336 2 1 0 0.756414
000337 2 1 0 0.771894
000338 2 1 0 0.782864
000339 2 1 0 0.702191
000340 2 1 0 0.634528
000341 2 2 0 0.778180
000342 2 1 0 0.755914
000343 2 1 0 0.774250
000344 2 1 0 0.856925
000345 2 1 0 0.876413
000346 2 1 0 0.837475
000347 2 2 0 0.748011
000348 2 1 0 0.837475
000349 2 1 0 0.837475
000350 2 1 0 0.767514
000351 2 1 0 0.855494
000352 2 1 0 0.855494
000353 2 1 0 0.780934
000354 2 1 0 0.764387
000355 2 1 0 0.684885
000356 2 1 0 0.684541
000357 2 0 0 0.000000
000358 2 1 0 0.709909
000359 2 1 0 0.771894
000360 2 1 0 0.769606
000361 2 1 0 0.855494
000362 2 2 0 0.761703
000363 2 2 0 0.794908
000364 2 1 0 0.756414
000365 2 2 0 0.817845
000366 2 1 0 0.855494
000367 2 1 0 0.782864
000368 2 0 0 0.000000
000369 2 1 0 0.707732
000370 2 1 0 0.627621
000371 2 1 0 0.709909
000372 2 1 0 0.699436
000373 2 1 0 0.699436
000374 2 1 0 0.699436
000375 2 1 0 0.709909
000376 2 1 0 0.699436
000377 2 1 0 0.714007
000378 2 1 0 0.764387
000379 2 1 0 0.684864
000380 2 2 0 0.699074
000381 2 1 0 0.651929
000382 2 1 0 0.729201
000383 2 1 0 0.715706
000384 2 1 0 0.798214
000385 2 1 0 0.715706
000386 2 1 0 0.767514
000387 2 1 0 0.767514
000388 2 2 0 0.819895
000389 2 2 0 0.810170
000390 2 1 0 0.620733
000391 2 1 0 0.709909
000392 2 1 0 0.699436
000393 2 2 0 0.732912
000394 2 2 0 0.702933
000395 2 1 0 0.709909
000396 2 1 0 0.694253
000397 2 1 0 0.694253
000398 2 1 0 0.694253
000399 2 1 0 0.709909
000400 2 1 0 0.620733
000401 2 1 0 0.566705
000402 2 1 0 0.566705
000403 2 1 0 0.572782
000404 2 1 0 0.585799
000405 2 1 0 0.564468
000406 2 1 0 0.572782
000407 2 1 0 0.572782
000408 2 1 0 0.634528
000409 2 1 0 0.620733
000410 2 2 0 0.705128
000411 2 1 0 0.564468
000412 2 1 0 0.782864
000413 2 1 0 0.780934
000414 2 1 0 0.798214
000415 2 0 0 0.000000
000416 2 1 0 0.756414
000417 2 0 0 0.000000
000418 2 0 0 0.000000
000419 2 0 0 0.000000
000420 2 0 0 0.000000
000421 2 0 0 0.000000
000422 2 0 0 0.000000
000423 2 0 0 0.000000
000424 2 0 0 0.000000
000425 2 0 0 0.000000
000426 2 0 0 0.000000
000427 2 0 0 0.000000
000428 2 0 0 0.000000
000429 2 0 0 0.000000
000430 2 0 0 0.000000
000431 2 0 0 0.000000
000432 2 0 0 0.000000
000433 2 0 0 0.000000
000434 2 0 0 0.000000
000435 2 0 0 0.000000
000436 2 0 0 0.000000
000437 2 0 0 0.000000
000438 2 0 0 0.000000
000439 2 0 0 0.000000
000440 2 0 0 0.000000
000441 2 0 0 0.000000
000442 2 1 0 0.541553
000443 2 1 0 0.554591
000444 2 0 0 0.000000
000445 2 0 0 0.000000
000446 2 1 0 0.567606
000447 2 1 0 0.554591
000448 2 0 0 0.000000
000449 2 0 0 0.000000
000450 2 0 0 0.000000
000451 2 1 0 0.554591
000452 2 1 0 0.567606
000453 2 0 0 0.000000
000454 2 0 0 0.000000
000455 2 0 0 0.000000
000456 2 0 0 0.000000
000457 2 0 0 0.000000
000458 2 0 0 0.000000
000459 2 0 0 0.000000
000460 2 0 0 0.000000
000461 2 0 0 0.000000
000462 2 0 0 0.000000
000463 2 0 0 0.000000
000464 2 0 0 0.000000
000465 2 0 0 0.000000
000466 2 0 0 0.000000
000467 2 0 0 0.000000
000468 2 0 0 0.000000
000469 2 0 0 0.000000
000470 2 0 0 0.000000
000471 2 0 0 0.000000
000472 2 0 0 0.000000
000473 2 0 0 0.000000
000474 2 0 0 0.000000
000475 2 0 0 0.000000
000476 2 0 0 0.000000
000477 2 0 0 0.000000
000478 2 0 0 0.000000
000479 2 0 0 0.000000
000480 2 0 0 0.000000
000481 2 0 0 0.000000
000482 2 0 0 0.000000
000483 2 0 0 0.000000
000484 2 0 0 0.000000
000485 2 0 0 0.000000
000486 2 0 0 0.000000
000487 2 0 0 0.000000
000488 2 0 0 0.000000
000489 2 0 0 0.000000
000490 2 0 0 0.000000
000491 2 0 0 0.000000
000492 2 0 0 0.000000
000493 2 0 0 0.000000
000494 2 0 0 0.000000
000495 2 0 0 0.000000
000496 2 0 0 0.000000
000497 2 0 0 0.000000
000498 2 0 0 0.000000
000499 2 0 0 0.000000
000500 2 0 0 0.000000
000501 2 1 0 0.678621
000502 2 1 0 0.612871
000503 2 1 0 0.598145
000504 2 1 0 0.564468
000505 2 1 0 0.550593
000506 2 2 0 0.575444
000507 2 2 0 0.594384
000508 2 1 0 0.755914
000509 2 1 0 0.678725
000510 2 2 0 0.560113
000511 2 1 0 0.419539
000512 2 1 0 0.695957
000513 2 1 0 0.755914
000514 2 2 0 0.646738
000515 2 2 0 0.584723
000516 2 2 0 0.608737
000517 2 1 0 0.755914
000518 2 2 0 0.611417
000519 2 2 0 0.641396
000520 2 1 0 0.755914
000521 2 2 0 0.733179
000522 2 2 0 0.769128
000523 2 2 0 0.669405
000524 2 2 0 0.602579
000525 2 2 0 0.675052
000526 2 2 0 0.635052
000527 2 2 0 0.620647
000528 2 2 0 0.607712
000529 2 2 0 0.546000
000530 2 2 0 0.602999
000531 2 1 0 0.695957
000532 2 2 0 0.589092
000533 2 2 0 0.559731
000534 2 2 0 0.644143
000535 2 2 0 0.644143
000536 2 2 0 0.586357
000537 2 2 0 0.668509
000538 2 2 0 0.598806
000539 2 2 0 0.584723
000540 2 2 0 0.571059
000541 2 2 0 0.576107
000542 2 1 0 0.755914
000543 2 1 0 0.755914
000544 2 2 0 0.571059
000545 2 2 0 0.571059
000546 2 2 0 0.558766
000547 2 2 0 0.567365
000548 2 2 0 0.572601
000549 2 2 0 0.576110
000550 2 1 0 0.695957
000551 2 0 0 0.000000
000552 2 1 0 0.678725
000553 2 1 0 0.678725
000554 2 1 0 0.695957
000555 2 1 0 0.737614
000556 2 2 0 0.536999
000557 2 2 0 0.545614
000558 2 2 0 0.605074
000559 2 2 0 0.597254
000560 2 2 0 0.611417
000561 2 1 0 0.695957
000562 2 1 0 0.695957
000563 2 2 0 0.592447
000564 2 2 0 0.576110
000565 2 2 0 0.581501
000566 2 2 0 0.571059
000567 2 2 0 0.559351
000568 2 1 0 0.678725
000569 2 2 0 0.572885
000570 2 1 0 0.678725
000571 2 2 0 0.562095
000572 2 2 0 0.570711
000573 2 2 0 0.571618
000574 2 2 0 0.562095
000575 2 2 0 0.568736
000576 2 2 0 0.576110
000577 2 2 0 0.577352
000578 2 2 0 0.579675
000579 2 2 0 0.574612
000580 2 2 0 0.571059
000581 2 2 0 0.554616
000582 2 2 0 0.581501
000583 2 2 0 0.554616
000584 2 2 0 0.581501
000585 2 1 0 0.678725
000586 2 1 0 0.678725
000587 2 1 0 0.678725
000588 2 1 0 0.678725
000589 2 1 0 0.678725
000590 2 1 0 0.678725
000591 2 1 0 0.678725
000592 2 1 0 0.695957
000593 2 1 0 0.678725
000594 2 1 0 0.695957
000595 2 1 0 0.678725
000596 2 1 0 0.678725
000597 2 2 0 0.531889
000598 2 2 0 0.572885
000599 2 2 0 0.623828
000600 2 2 0 0.600121
000601 2 2 0 0.602999
000602 2 2 0 0.602999
000603 2 1 0 0.678725
000604 2 1 0 0.678725
000605 2 2 0 0.661310
000606 2 1 0 0.467044
000607 2 1 0 0.521517
000608 2 1 0 0.463393
000609 2 1 0 0.521517
000610 2 2 0 0.642146
000611 2 2 0 0.593762
000612 2 2 0 0.701423
000613 2 2 0 0.652260
000614 2 2 0 0.633006
000615 2 2 0 0.600689
000616 2 2 0 0.641691
000617 2 2 0 0.556688
000618 2 2 0 0.609653
000619 2 2 0 0.600504
000620 2 2 0 0.571059
000621 2 1 0 0.463393
000622 2 2 0 0.611479
000623 2 2 0 0.606088
000624 2 1 0 0.428400
000625 2 1 0 0.428400
000626 2 2 0 0.596894
000627 2 2 0 0.638232
000628 2 1 0 0.456263
000629 2 1 0 0.321063
000630 2 1 0 0.403776
000631 2 1 0 0.356960
000632 2 1 0 0.347979
000633 2 2 0 0.485847
000634 2 1 0 0.405373
000635 2 1 0 0.347979
000636 2 2 0 0.601597
000637 2 2 0 0.526668
000638 2 2 0 0.570711
000639 2 2 0 0.545614
000640 2 2 0 0.628931
000641 2 2 0 0.591540
000642 2 2 0 0.673315
000643 2 2 0 0.683484
000644 2 2 1 0.449800
000645 2 2 0 0.598952
000646 2 1 0 0.514191
000647 2 2 1 0.491035
000648 2 2 1 0.503219
000649 2 2 0 0.618821
000650 2 2 0 0.517613
000651 2 2 0 0.532651
000652 2 1 0 0.445465
000653 2 1 0 0.447279
000654 2 2 0 0.563002
000655 2 1 0 0.447279
000656 2 2 0 0.590336
000657 2 2 0 0.585243
000658 2 2 0 0.724395
000659 2 2 0 0.724395
000660 2 2 0 0.631149
000661 2 2 0 0.600689
000662 2 2 0 0.631149
000663 2 2 0 0.651195
000664 2 0 0 0.000000
000665 2 0 0 0.000000
000666 2 1 0 0.405373
000667 2 1 0 0.405373
000668 2 2 0 0.575832
000669 2 2 0 0.580644
000670 2 1 0 0.347979
000671 2 1 0 0.347979
000672 2 2 0 0.523290
000673 2 2 0 0.523290
000674 2 2 0 0.513690
000675 2 0 0 0.000000
000676 2 2 0 0.551533
000677 2 1 0 0.605869
000678 2 1 0 0.661526
000679 2 1 0 0.661526
000680 2 2 0 0.528638
000681 2 2 0 0.526541
000682 2 2 0 0.578750
000683 2 2 0 0.593859
000684 2 1 0 0.477463
000685 2 1 0 0.489705
000686 2 2 0 0.591747
000687 2 2 0 0.555319
000688 2 1 0 0.498550
000689 2 1 0 0.501948
000690 2 1 0 0.514191
000691 2 1 0 0.489705
000692 2 1 0 0.447279
000693 2 1 0 0.501948
000694 2 2 0 0.605886
000695 2 2 0 0.632978
000696 2 1 0 0.456263
000697 2 1 0 0.447279
000698 2 2 0 0.584215
000699 2 2 0 0.584215
000700 2 0 0 0.000000
000701 2 2 0 0.592831
000702 2 2 0 0.580251
000703 2 2 0 0.598952
000704 2 1 0 0.491761
000705 2 0 0 0.000000
000706 2 2 0 0.531889
000707 2 1 0 0.435810
000708 2 1 0 0.395750
000709 2 1 0 0.337428
000710 2 2 0 0.515105
000711 2 2 0 0.521111
000712 2 1 0 0.395750
000713 2 2 0 0.517297
000714 2 1 0 0.622008
000715 2 1 0 0.605869
000716 2 1 0 0.695957
000717 2 1 0 0.755914
000718 2 0 0 0.000000
000719 2 0 0 0.000000
000720 2 0 0 0.000000
000721 2 0 0 0.000000
000722 2 0 0 0.000000
000723 2 0 0 0.000000
000724 2 0 0 0.000000
000725 2 0 0 0.000000
000726 2 0 0 0.000000
000727 2 0 0 0.000000
000728 2 0 0 0.000000
000729 2 0 0 0.000000
000730 2 0 0 0.000000
000731 2 0 0 0.000000
000732 2 0 0 0.000000
000733 2 0 0 0.000000
000734 2 0 0 0.000000
000735 2 0 0 0.000000
000736 2 0 0 0.000000
000737 2 0 0 0.000000
000738 2 0 0 0.000000
000739 2 0 0 0.000000
000740 2 1 0 0.695957
000741 2 1 0 0.713222
000742 2 0 0 0.000000
000743 2 0 0 0.000000
000744 2 0 0 0.000000
000745 2 0 0 0.000000
000746 2 0 0 0.000000
000747 2 0 0 0.000000
000748 2 0 0 0.000000
000749 2 0 0 0.000000
000750 2 0 0 0.000000
000751 2 1 0 0.605869
000752 2 1 0 0.678725
000753 2 1 0 0.695957
000754 2 0 0 0.000000
000755 2 1 0 0.678725
000756 2 0 0 0.000000
000757 2 0 0 0.000000
000758 2 0 0 0.000000
000759 2 0 0 0.000000
000760 2 0 0 0.000000
000761 2 0 0 0.000000
000762 2 0 0 0.000000
000763 2 0 0 0.000000
000764 2 0 0 0.000000
000765 2 0 0 0.000000
000766 2 0 0 0.000000
000767 2 0 0 0.000000
000768 2 0 0 0.000000
000769 2 0 0 0.000000
000770 2 0 0 0.000000
000771 2 0 0 0.000000
000772 2 0 0 0.000000
000773 2 1 0 0.695957
000774 2 0 1 0.172376
000775 2 0 1 0.177104
000776 2 0 0 0.000000
000777 2 1 0 0.695957
000778 2 1 0 0.876413
000779 2 0 0 0.000000
000780 2 0 0 0.000000
000781 2 0 0 0.000000
000782 2 1 0 0.644361
000783 2 0 0 0.000000
000784 2 1 0 0.589761
000785 2 1 0 0.605869
000786 2 1 0 0.644361
000787 2 1 0 0.605869
000788 2 0 0 0.000000
000789 2 0 0 0.000000
000790 2 0 0 0.000000
000791 2 0 0 0.000000
000792 2 0 0 0.000000
000793 2 1 0 0.589761
000794 2 1 0 0.605869
000795 2 1 0 0.522281
000796 2 0 0 0.000000
000797 2 0 0 0.000000
000798 2 0 0 0.000000
000799 2 1 0 0.644361
000800 2 1 0 0.605869
000801 2 1 0 0.644361
000802 2 1 0 0.695957
000803 2 1 0 0.755914
000804 2 0 0 0.000000
000805 2 1 0 0.661526
000806 2 0 0 0.000000
000807 2 0 0 0.000000
000808 2 0 0 0.000000
000809 2 0 0 0.000000
000810 2 0 0 0.000000
000811 2 0 0 0.000000
000812 2 0 0 0.000000
000813 2 0 0 0.000000
000814 2 1 0 0.605869
000815 2 0 0 0.000000
000816 2 0 0 0.000000
000817 2 0 0 0.000000
000818 2 1 0 0.573685
000819 2 1 0 0.605869
000820 2 0 0 0.000000
000821 2 0 0 0.000000
000822 2 0 0 0.000000
000823 2 0 0 0.000000
000824 2 0 0 0.000000
000825 2 0 0 0.000000
000826 2 0 0 0.000000
000827 2 0 0 0.000000
000828 2 0 0 0.000000
000829 2 0 0 0.000000
000830 2 0 0 0.000000
000831 2 0 0 0.000000
000832 2 0 0 0.000000
000833 2 0 0 0.000000
000834 2 0 0 0.000000
000835 2 0 0 0.000000
000836 2 0 0 0.000000
000837 2 0 0 0.000000
000838 2 0 0 0.000000
000839 2 0 0 0.000000
000840 2 0 0 0.000000
000841 2 0 0 0.000000
000842 2 0 0 0.000000
000843 2 0 0 0.000000
000844 2 0 0 0.000000
000845 2 0 0 0.000000
000846 2 0 0 0.000000
000847 2 0 0 0.000000
000848 2 0 0 0.000000
000849 2 0 0 0.000000
000850 2 0 0 0.000000
