000001 0 0 0 0.000000
000002 0 0 0 0.000000
000003 0 0 0 0.000000
000004 0 0 0 0.000000
000005 0 0 0 0.000000
000006 0 0 0 0.000000
000007 0 0 0 0.000000
000008 0 0 0 0.000000
000009 0 0 0 0.000000
000010 0 0 0 0.000000
000011 0 0 0 0.000000
000012 0 0 0 0.000000
000013 0 0 0 0.000000
000014 0 0 0 0.000000
000015 0 0 0 0.000000
000016 0 0 0 0.000000
000017 0 0 0 0.000000
000018 0 0 0 0.000000
000019 0 0 0 0.000000
000020 0 0 0 0.000000
000021 0 0 0 0.000000
000022 0 0 0 0.000000
000023 0 0 0 0.000000
000024 0 0 0 0.000000
000025 0 0 0 0.000000
000026 0 0 0 0.000000
000027 0 0 0 0.000000
000028 0 0 0 0.000000
000029 0 0 0 0.000000
000030 0 0 0 0.000000
000031 0 0 0 0.000000
000032 0 0 0 0.000000
000033 0 0 0 0.000000
000034 0 0 0 0.000000
000035 0 0 0 0.000000
000036 0 0 0 0.000000
000037 0 0 0 0.000000
000038 0 0 0 0.000000
000039 0 0 0 0.000000
000040 0 0 0 0.000000
000041 0 0 0 0.000000
000042 0 0 0 0.000000
000043 0 0 0 0.000000
000044 0 0 0 0.000000
000045 0 0 0 0.000000
000046 0 0 0 0.000000
000047 0 0 0 0.000000
000048 0 0 0 0.000000
000049 0 0 0 0.000000
000050 0 0 0 0.000000
000051 0 0 0 0.000000
000052 0 0 0 0.000000
000053 0 0 0 0.000000
000054 0 0 0 0.000000
000055 0 0 0 0.000000
000056 0 0 0 0.000000
000057 0 0 0 0.000000
000058 0 0 0 0.000000
000059 0 0 0 0.000000
000060 0 0 0 0.000000
000061 0 0 0 0.000000
000062 0 0 0 0.000000
000063 0 0 0 0.000000
000064 0 0 0 0.000000
000065 0 0 0 0.000000
000066 0 0 0 0.000000
000067 0 0 0 0.000000
000068 0 0 0 0.000000
000069 0 0 0 0.000000
000070 0 0 0 0.000000
000071 0 0 0 0.000000
000072 0 0 0 0.000000
000073 0 0 0 0.000000
000074 0 0 0 0.000000
000075 0 0 0 0.000000
000076 0 0 0 0.000000
000077 0 0 0 0.000000
000078 0 0 0 0.000000
000079 0 0 0 0.000000
000080 0 0 0 0.000000
000081 0 0 0 0.000000
000082 0 0 0 0.000000
000083 0 0 0 0.000000
000084 0 0 0 0.000000
000085 0 0 0 0.000000
000086 0 0 0 0.000000
000087 0 0 0 0.000000
000088 0 0 0 0.000000
000089 0 0 0 0.000000
000090 0 0 0 0.000000
000091 0 0 0 0.000000
000092 0 0 0 0.000000
000093 0 0 0 0.000000
000094 0 0 0 0.000000
000095 0 0 0 0.000000
000096 0 0 0 0.000000
000097 0 0 0 0.000000
000098 0 0 0 0.000000
000099 0 0 0 0.000000
000100 0 0 0 0.000000
000101 0 0 0 0.000000
000102 0 0 0 0.000000
000103 0 0 0 0.000000
000104 0 0 1 0.000000
000105 0 0 0 0.000000
000106 0 0 0 0.000000
000107 0 0 0 0.000000
000108 0 0 0 0.000000
000109 0 0 0 0.000000
000110 0 0 0 0.000000
000111 0 0 0 0.000000
000112 0 0 0 0.000000
000113 0 0 0 0.000000
000114 0 0 0 0.000000
000115 0 0 0 0.000000
000116 0 0 0 0.000000
000117 0 0 0 0.000000
000118 0 0 0 0.000000
000119 0 0 0 0.000000
000120 0 0 0 0.000000
000121 0 0 0 0.000000
000122 0 0 0 0.000000
000123 0 0 0 0.000000
000124 0 0 0 0.000000
000125 0 0 0 0.000000
000126 0 0 0 0.000000
000127 0 0 0 0.000000
000128 0 0 0 0.000000
000129 0 0 0 0.000000
000130 0 0 0 0.000000
000131 0 0 0 0.000000
000132 0 0 0 0.000000
000133 0 0 0 0.000000
000134 0 0 0 0.000000
000135 0 0 0 0.000000
000136 0 0 0 0.000000
000137 0 0 0 0.000000
000138 0 0 0 0.000000
000139 0 0 0 0.000000
000140 0 0 0 0.000000
000141 0 0 0 0.000000
000142 0 0 0 0.000000
000143 0 0 0 0.000000
000144 0 0 0 0.000000
000145 0 0 0 0.000000
000146 0 0 0 0.000000
000147 0 0 1 0.000000
000148 0 0 0 0.000000
000149 0 0 0 0.000000
000150 0 0 0 0.000000
000151 0 0 0 0.000000
000152 0 0 0 0.000000
000153 0 0 0 0.000000
000154 0 0 0 0.000000
000155 0 0 0 0.000000
000156 0 0 0 0.000000
000157 0 0 0 0.000000
000158 0 0 0 0.000000
000159 0 0 0 0.000000
000160 0 0 0 0.000000
000161 0 0 0 0.000000
000162 0 0 0 0.000000
000163 0 0 0 0.000000
000164 2 0 0 0.000000
000165 2 0 0 0.000000
000166 2 0 0 0.000000
000167 2 0 0 0.000000
000168 2 0 0 0.000000
000169 2 0 0 0.000000
000170 2 0 0 0.000000
000171 2 0 0 0.000000
000172 2 0 0 0.000000
000173 2 0 0 0.000000
000174 2 0 0 0.000000
000175 2 0 0 0.000000
000176 2 0 0 0.000000
000177 2 0 0 0.000000
000178 2 0 0 0.000000
000179 2 0 0 0.000000
000180 2 0 0 0.000000
000181 2 1 0 0.660118
000182 2 1 0 0.660118
000183 2 0 0 0.000000
000184 2 0 0 0.000000
000185 2 0 0 0.000000
000186 2 0 0 0.000000
000187 2 1 0 0.578916
000188 2 0 0 0.000000
000189 2 0 0 0.000000
000190 2 0 0 0.000000
000191 2 0 0 0.000000
000192 2 0 0 0.000000
000193 2 0 0 0.000000
000194 2 0 0 0.000000
000195 2 0 0 0.000000
000196 2 0 0 0.000000
000197 2 0 0 0.000000
000198 2 0 0 0.000000
000199 2 0 0 0.000000
000200 2 0 0 0.000000
000201 2 0 0 0.000000
000202 2 0 0 0.000000
000203 2 0 0 0.000000
000204 2 0 0 0.000000
000205 2 0 0 0.000000
000206 2 0 0 0.000000
000207 2 0 1 0.111950
000208 2 0 0 0.000000
000209 2 0 1 0.108981
000210 2 0 1 0.105336
000211 2 0 1 0.108155
000212 2 0 1 0.108155
000213 2 0 0 0.000000
000214 2 0 1 0.101124
000215 2 0 1 0.104550
000216 2 0 1 0.108981
000217 2 0 1 0.097160
000218 2 0 0 0.000000
000219 2 0 1 0.108155
000220 2 0 1 0.104550
000221 2 0 1 0.104550
000222 2 0 0 0.000000
000223 2 1 1 0.383084
000224 2 1 1 0.381625
000225 2 1 1 0.388995
000226 2 1 1 0.386780
000227 2 1 1 0.323589
000228 2 0 0 0.000000
000229 2 1 0 0.647179
000230 2 1 0 0.611040
000231 2 1 0 0.605815
000232 2 1 0 0.638661
000233 2 1 0 0.714802
000234 2 1 0 0.623377
000235 2 0 0 0.000000
000236 2 0 0 0.000000
000237 2 0 0 0.000000
000238 2 0 0 0.000000
000239 2 1 0 0.704055
000240 2 0 0 0.000000
000241 2 1 0 0.686259
000242 2 1 0 0.683761
000243 2 0 0 0.000000
000244 2 1 0 0.606742
000245 2 0 0 0.000000
000246 2 0 0 0.000000
000247 2 0 0 0.000000
000248 2 0 0 0.000000
000249 2 0 0 0.000000
000250 2 1 0 0.656064
000251 2 0 0 0.000000
000252 2 1 0 0.666352
000253 2 0 0 0.000000
000254 2 0 0 0.000000
000255 2 0 0 0.000000
000256 2 0 0 0.000000
000257 2 0 0 0.000000
000258 2 0 0 0.000000
000259 2 0 0 0.000000
000260 2 0 0 0.000000
000261 2 0 1 0.262022
000262 2 0 0 0.000000
000263 2 1 1 0.319331
000264 2 1 0 0.657913
000265 2 0 1 0.211454
000266 2 2 1 0.443367
000267 2 1 0 0.657913
000268 2 1 0 0.564067
000269 2 1 0 0.630062
000270 2 1 0 0.593651
000271 2 1 0 0.621005
000272 2 1 0 0.611040
000273 2 1 0 0.601469
000274 2 0 0 0.000000
000275 2 1 0 0.724277
000276 2 1 0 0.725475
000277 2 1 0 0.638661
000278 2 1 0 0.679497
000279 2 1 0 0.630062
000280 2 1 0 0.639781
000281 2 1 0 0.588629
000282 2 1 0 0.628360
000283 2 1 1 0.444050
000284 2 0 0 0.000000
000285 2 0 1 0.156158
000286 2 0 1 0.150740
000287 2 0 0 0.000000
000288 2 0 0 0.000000
000289 2 0 0 0.000000
000290 2 0 0 0.000000
000291 2 1 0 0.508016
000292 2 0 0 0.000000
000293 2 1 0 0.717489
000294 2 1 0 0.705671
000295 2 0 0 0.000000
000296 2 0 0 0.000000
000297 2 1 0 0.649820
000298 2 0 0 0.000000
000299 2 1 0 0.729223
000300 2 1 0 0.729223
000301 2 1 0 0.665098
000302 2 1 0 0.584923
000303 2 0 0 0.000000
000304 2 0 0 0.000000
000305 2 1 0 0.852735
000306 2 0 0 0.000000
000307 2 1 0 0.579957
000308 2 1 0 0.416035
000309 2 1 0 0.578984
000310 2 1 0 0.660971
000311 2 1 0 0.729223
000312 2 1 0 0.708688
000313 2 1 0 0.654029
000314 2 1 0 0.654029
000315 2 1 0 0.714995
000316 2 1 0 0.724528
000317 2 1 0 0.672595
000318 2 1 0 0.619852
000319 2 2 0 0.573321
000320 2 0 0 0.000000
000321 2 0 0 0.000000
000322 2 0 0 0.000000
000323 2 1 0 0.643777
000324 2 0 0 0.000000
000325 2 1 0 0.584923
000326 2 0 0 0.000000
000327 2 1 0 0.714995
000328 2 1 0 0.715921
000329 2 0 0 0.000000
000330 2 0 0 0.000000
000331 2 0 0 0.000000
000332 2 1 0 0.670478
000333 2 0 0 0.000000
000334 2 0 0 0.000000
000335 2 1 0 0.877037
000336 2 0 0 0.000000
000337 2 0 0 0.000000
000338 2 0 0 0.000000
000339 2 1 0 0.886364
000340 2 0 0 0.000000
000341 2 0 0 0.000000
000342 2 0 0 0.000000
000343 2 0 0 0.000000
000344 2 0 0 0.000000
000345 2 0 0 0.000000
000346 2 1 0 0.852977
000347 2 0 0 0.000000
000348 2 0 0 0.000000
000349 2 0 0 0.000000
000350 2 0 0 0.000000
000351 2 0 0 0.000000
000352 2 0 0 0.000000
000353 2 1 0 0.641635
000354 2 0 0 0.000000
000355 2 0 0 0.000000
000356 2 1 0 0.655567
000357 2 0 0 0.000000
000358 2 1 0 0.653817
000359 2 0 0 0.000000
000360 2 0 0 0.000000
000361 2 1 0 0.900378
000362 2 0 0 0.000000
000363 2 0 0 0.000000
000364 2 0 0 0.000000
000365 2 0 0 0.000000
000366 2 1 0 0.670478
000367 2 0 0 0.000000
000368 2 0 1 0.000000
000369 2 0 0 0.000000
000370 2 0 0 0.000000
000371 2 0 0 0.000000
000372 2 0 0 0.000000
000373 2 1 0 0.573427
000374 2 1 0 0.573427
000375 2 0 0 0.000000
000376 2 0 0 0.000000
000377 2 0 0 0.000000
000378 2 0 0 0.000000
000379 2 0 0 0.000000
000380 2 0 0 0.000000
000381 2 1 0 0.785545
000382 2 1 0 0.886284
000383 2 1 0 0.802663
000384 2 1 1 0.433333
000385 2 0 0 0.000000
000386 2 0 0 0.000000
000387 2 0 0 0.000000
000388 2 0 0 0.000000
000389 2 0 0 0.000000
000390 2 0 0 0.000000
000391 2 0 0 0.000000
000392 2 0 0 0.000000
000393 2 0 0 0.000000
000394 2 0 0 0.000000
000395 2 0 0 0.000000
000396 2 0 0 0.000000
000397 2 1 0 0.573427
000398 2 0 0 0.000000
000399 2 1 0 0.819559
000400 2 1 0 0.819559
000401 2 0 0 0.000000
000402 2 1 0 0.801887
000403 2 0 0 0.000000
000404 2 0 0 0.000000
000405 2 0 0 0.000000
000406 2 0 0 0.000000
000407 2 0 0 0.000000
000408 2 0 0 0.000000
000409 2 0 0 0.000000
000410 2 0 0 0.000000
000411 2 0 0 0.000000
000412 2 0 0 0.000000
000413 2 0 0 0.000000
000414 2 0 0 0.000000
000415 2 0 0 0.000000
000416 2 0 0 0.000000
000417 2 0 0 0.000000
000418 2 0 0 0.000000
000419 2 0 0 0.000000
000420 2 0 0 0.000000
000421 2 0 0 0.000000
000422 2 0 0 0.000000
000423 2 1 0 0.714995
000424 2 0 0 0.000000
000425 2 1 1 0.357498
000426 2 0 1 0.000000
000427 2 1 0 0.795218
000428 2 1 0 0.747664
000429 2 0 0 0.000000
000430 2 0 0 0.000000
000431 2 0 0 0.000000
000432 2 0 0 0.000000
000433 2 0 0 0.000000
000434 2 0 0 0.000000
000435 2 0 0 0.000000
000436 2 1 0 0.715921
000437 2 1 0 0.863686
000438 2 1 0 0.814815
000439 2 0 0 0.000000
000440 2 1 0 0.636243
000441 2 1 0 0.777778
000442 2 0 0 0.000000
000443 2 0 0 0.000000
000444 2 0 0 0.000000
000445 2 1 0 0.795218
000446 2 1 0 0.795218
000447 2 1 0 0.715921
000448 2 1 0 0.795218
000449 2 1 0 0.696409
000450 2 1 0 0.695489
000451 2 1 0 0.689170
000452 2 1 0 0.715921
000453 2 1 0 0.695489
000454 2 1 0 0.713820
000455 2 1 0 0.713820
000456 2 1 0 0.640625
000457 2 1 0 0.635870
000458 2 1 0 0.625652
000459 2 0 0 0.000000
000460 2 1 0 0.828838
000461 2 1 0 0.795218
000462 2 1 0 0.696409
000463 2 1 0 0.814815
000464 2 1 0 0.795218
000465 2 1 0 0.731809
000466 2 0 0 0.000000
000467 2 1 0 0.795218
000468 2 0 1 0.000000
000469 2 1 0 0.812046
000470 2 1 0 0.795218
000471 2 1 0 0.828838
000472 2 1 0 0.828838
000473 2 1 0 0.795218
000474 2 1 0 0.747664
000475 2 1 0 0.731230
000476 2 1 0 0.731230
000477 2 1 0 0.833334
000478 2 1 0 0.883315
000479 2 0 0 0.000000
000480 2 0 0 0.000000
000481 2 1 0 0.883315
000482 2 1 0 0.833334
000483 2 1 0 0.795218
000484 2 1 0 0.795218
000485 2 1 0 0.812046
000486 2 1 0 0.812046
000487 2 1 0 0.833334
000488 2 1 0 0.795218
000489 2 1 0 0.795218
000490 2 1 0 0.883315
000491 2 0 0 0.000000
000492 2 1 0 0.883315
000493 2 1 1 0.441658
000494 2 1 0 0.747664
000495 2 1 0 0.812046
000496 2 1 0 0.883315
000497 2 1 0 0.833334
000498 2 0 0 0.000000
000499 2 1 0 0.828838
000500 2 1 0 0.828838
000501 2 1 0 0.812046
000502 2 1 0 0.883315
000503 2 1 0 0.883315
000504 2 1 0 0.812046
000505 2 0 0 0.000000
000506 2 1 0 0.731809
000507 2 1 0 0.812046
000508 2 1 0 0.902945
000509 2 1 0 0.731230
000510 2 1 0 0.812046
000511 2 1 0 0.812046
000512 2 1 0 0.812046
000513 2 1 0 0.747664
000514 2 1 0 0.902945
000515 2 1 0 0.902945
000516 2 0 0 0.000000
000517 2 1 0 0.828838
000518 2 0 0 0.000000
000519 2 0 0 0.000000
000520 2 0 0 0.000000
000521 2 1 0 0.791089
000522 2 0 0 0.000000
000523 2 0 0 0.000000
000524 2 0 0 0.000000
000525 2 0 0 0.000000
000526 2 0 0 0.000000
000527 2 1 0 0.795218
000528 2 0 0 0.000000
000529 2 0 0 0.000000
000530 2 0 0 0.000000
000531 2 1 0 0.795218
000532 2 1 0 0.812046
000533 2 1 0 0.791089
000534 2 0 0 0.000000
000535 2 1 0 0.883315
000536 2 1 0 0.731230
000537 2 1 0 0.814815
000538 2 1 0 0.814815
000539 2 1 0 0.833334
000540 2 1 0 0.833334
000541 2 1 0 0.902945
000542 2 1 0 0.812046
000543 2 1 0 0.812046
000544 2 1 0 0.828838
000545 2 1 0 0.796296
000546 2 1 0 0.814815
000547 2 1 0 0.812046
000548 2 0 0 0.000000
000549 1 1 0 0.814139
000550 1 1 0 0.679847
000551 1 1 0 0.746624
000552 1 1 0 0.746624
000553 1 1 0 0.708730
000554 1 1 0 0.793981
000555 1 1 0 0.693101
000556 1 1 0 0.746624
000557 1 1 0 0.779634
000558 1 1 0 0.763116
000559 1 1 0 0.779634
000560 1 1 0 0.823529
000561 1 1 0 0.779634
000562 1 1 0 0.716174
000563 1 1 0 0.779634
000564 1 1 0 0.836653
000565 1 1 0 0.779634
000566 1 1 0 0.716174
000567 1 1 0 0.708730
000568 1 1 0 0.763116
000569 1 1 0 0.708730
000570 1 1 0 0.708730
000571 1 1 0 0.708730
000572 1 1 1 0.354365
000573 1 1 0 0.779634
000574 1 1 0 0.823529
000575 1 0 0 0.000000
000576 1 1 0 0.819268
000577 1 1 0 0.779634
000578 1 0 0 0.000000
000579 1 1 0 0.724384
000580 1 0 0 0.000000
000581 1 0 0 0.000000
000582 1 0 0 0.000000
000583 1 0 0 0.000000
000584 1 1 0 0.880691
000585 1 0 0 0.000000
000586 1 1 0 0.641330
000587 1 0 0 0.000000
000588 1 1 0 0.830325
000589 1 0 0 0.000000
000590 1 0 0 0.000000
000591 1 0 0 0.000000
000592 1 0 0 0.000000
000593 1 0 0 0.000000
000594 1 0 0 0.000000
000595 1 0 0 0.000000
000596 1 0 0 0.000000
000597 1 0 0 0.000000
000598 1 0 0 0.000000
000599 1 0 0 0.000000
000600 1 0 0 0.000000
000601 1 0 0 0.000000
000602 1 0 0 0.000000
000603 1 0 0 0.000000
000604 1 0 0 0.000000
000605 1 1 0 0.522047
000606 1 0 0 0.000000
000607 1 1 0 0.549685
000608 1 1 0 0.535855
000609 1 1 0 0.535855
000610 1 1 0 0.549685
000611 1 1 0 0.549685
000612 1 1 0 0.611858
000613 1 1 0 0.611858
000614 1 1 0 0.549685
000615 1 1 1 0.350647
000616 2 1 1 0.353321
000617 2 0 0 0.000000
000618 2 0 0 0.000000
000619 2 1 0 0.832673
000620 2 2 0 0.749766
000621 2 2 0 0.760291
000622 2 2 1 0.475461
000623 2 1 0 0.611858
000624 2 2 0 0.616567
000625 2 1 0 0.639946
000626 2 1 0 0.648334
000627 2 0 0 0.000000
000628 2 1 0 0.636967
000629 2 1 0 0.450300
000630 2 1 0 0.538760
000631 2 0 0 0.000000
000632 2 0 0 0.000000
000633 2 0 0 0.000000
000634 2 0 0 0.000000
000635 2 1 0 0.582035
000636 2 1 0 0.582035
000637 2 1 0 0.621801
000638 2 2 0 0.587337
000639 2 1 0 0.435636
000640 2 0 0 0.000000
000641 2 0 0 0.000000
000642 2 1 0 0.629922
000643 2 0 0 0.000000
000644 2 1 0 0.696722
000645 2 0 0 0.000000
000646 2 0 0 0.000000
000647 2 0 0 0.000000
000648 2 1 0 0.693101
000649 2 0 0 0.000000
000650 2 0 0 0.000000
000651 2 1 0 0.611858
000652 2 1 0 0.563536
000653 2 0 0 0.000000
000654 2 0 0 0.000000
000655 2 0 0 0.000000
000656 2 0 0 0.000000
000657 2 0 0 0.000000
000658 2 0 0 0.000000
000659 2 1 0 0.553978
000660 2 1 0 0.600346
000661 2 2 0 0.500985
000662 2 1 0 0.321061
000663 2 1 0 0.439162
000664 2 1 0 0.583264
000665 2 0 0 0.000000
000666 2 0 0 0.000000
000667 2 0 0 0.000000
000668 2 0 0 0.000000
000669 2 0 0 0.000000
000670 2 0 0 0.000000
000671 2 0 0 0.000000
000672 2 0 1 0.000000
000673 2 0 0 0.000000
000674 2 0 0 0.000000
000675 2 0 0 0.000000
000676 2 0 0 0.000000
000677 2 1 1 0.332376
000678 2 1 0 0.633976
000679 2 1 0 0.630113
000680 2 1 0 0.636968
000681 2 1 0 0.569579
000682 2 1 0 0.543851
000683 2 0 0 0.000000
000684 2 1 0 0.739543
000685 2 1 0 0.632343
000686 2 1 0 0.513293
000687 2 1 0 0.575177
000688 2 0 0 0.000000
000689 2 0 0 0.000000
000690 2 0 0 0.000000
000691 2 0 0 0.000000
000692 2 0 0 0.000000
000693 2 0 0 0.000000
000694 2 0 0 0.000000
000695 2 0 0 0.000000
000696 2 0 0 0.000000
000697 2 1 0 0.677403
000698 2 0 0 0.000000
000699 2 1 0 0.624990
000700 2 1 0 0.677403
000701 2 1 0 0.680617
000702 2 1 0 0.680617
000703 2 1 0 0.666250
000704 2 1 0 0.696447
000705 2 1 0 0.797596
000706 2 0 0 0.000000
000707 2 1 0 0.677403
000708 2 1 0 0.604925
000709 2 1 0 0.480979
000710 2 0 0 0.000000
000711 2 0 0 0.000000
000712 2 0 0 0.000000
000713 2 1 0 0.576690
000714 2 1 0 0.575500
000715 2 1 0 0.531586
000716 2 1 0 0.643041
000717 2 2 0 0.649399
000718 2 1 0 0.677496
000719 2 1 0 0.582036
000720 2 1 0 0.639600
000721 2 1 0 0.816221
000722 2 1 0 0.731848
000723 2 1 0 0.667344
000724 2 0 0 0.000000
000725 2 1 0 0.760565
000726 2 1 1 0.402128
000727 2 1 1 0.420957
000728 2 1 1 0.507050
000729 2 1 0 0.483818
000730 2 1 0 0.590068
000731 2 0 1 0.127148
000732 2 0 0 0.000000
000733 2 1 0 0.599127
000734 2 0 1 0.120505
000735 2 0 1 0.130039
000736 2 0 0 0.000000
000737 2 1 2 0.306767
000738 2 0 2 0.162013
000739 2 1 0 0.748258
000740 2 1 0 0.643041
000741 2 1 0 0.694773
000742 2 1 0 0.694773
000743 2 0 1 0.116199
000744 2 1 1 0.404846
000745 2 1 0 0.533501
000746 2 1 0 0.696447
000747 2 1 0 0.613275
000748 2 1 1 0.356313
000749 2 2 1 0.421777
000750 2 2 0 0.629689
000751 2 1 0 0.590068
000752 2 1 0 0.599127
000753 2 1 0 0.561365
000754 2 1 0 0.599127
000755 2 0 0 0.000000
000756 2 0 0 0.000000
000757 2 1 0 0.764861
000758 2 1 0 0.776442
000759 2 1 0 0.525723
000760 2 0 0 0.000000
000761 2 0 0 0.000000
000762 2 1 0 0.779048
000763 2 1 0 0.599127
000764 2 0 0 0.000000
000765 2 0 0 0.000000
000766 2 1 0 0.712627
000767 2 1 0 0.575178
000768 2 1 0 0.590068
000769 2 1 0 0.680618
000770 2 1 0 0.594107
000771 2 1 0 0.619749
000772 2 2 0 0.662126
000773 2 1 0 0.604925
000774 2 1 0 0.604925
000775 2 1 0 0.599127
000776 2 1 0 0.525761
000777 2 2 0 0.665342
000778 2 1 0 0.604925
000779 2 1 0 0.575178
000780 2 1 0 0.779048
000781 2 1 0 0.677404
000782 2 1 0 0.756739
000783 2 0 0 0.000000
000784 2 1 0 0.680618
000785 2 0 0 0.000000
000786 2 0 0 0.000000
000787 2 0 0 0.000000
000788 2 0 0 0.000000
000789 2 1 0 0.730305
000790 2 0 0 0.000000
000791 2 2 0 0.729573
000792 2 2 0 0.755323
000793 2 1 0 0.690210
000794 2 0 0 0.000000
000795 2 0 0 0.000000
000796 2 0 0 0.000000
000797 2 0 0 0.000000
000798 2 0 0 0.000000
000799 2 0 0 0.000000
000800 2 0 0 0.000000
000801 2 0 0 0.000000
000802 2 0 0 0.000000
000803 2 0 0 0.000000
000804 2 0 0 0.000000
000805 2 0 0 0.000000
000806 2 0 0 0.000000
000807 2 1 0 0.807614
000808 2 1 0 0.823529
000809 2 0 1 0.000000
000810 2 0 0 0.000000
000811 2 0 0 0.000000
000812 2 0 0 0.000000
000813 2 1 0 0.766551
000814 2 1 0 0.707071
000815 2 0 0 0.000000
000816 2 0 0 0.000000
000817 2 0 0 0.000000
000818 2 0 0 0.000000
000819 2 0 0 0.000000
000820 2 0 0 0.000000
000821 2 0 0 0.000000
000822 2 0 0 0.000000
000823 2 0 0 0.000000
000824 2 0 0 0.000000
000825 2 0 0 0.000000
000826 2 0 0 0.000000
000827 2 0 0 0.000000
000828 2 0 0 0.000000
000829 2 1 0 0.822123
000830 2 0 0 0.000000
000831 2 0 0 0.000000
000832 2 1 0 0.730305
000833 2 0 0 0.000000
000834 2 0 0 0.000000
000835 2 0 0 0.000000
000836 2 1 0 0.792647
000837 2 0 0 0.000000
000838 2 0 0 0.000000
000839 2 1 0 0.830556
000840 2 1 0 0.847543
000841 2 1 0 0.775900
000842 2 1 0 0.792647
000843 2 0 0 0.000000
000844 2 0 0 0.000000
000845 2 0 0 0.000000
000846 2 0 0 0.000000
000847 2 0 0 0.000000
000848 2 0 0 0.000000
000849 2 0 0 0.000000
000850 2 0 0 0.000000
000851 2 0 0 0.000000
000852 2 0 0 0.000000
000853 2 0 0 0.000000
000854 2 0 0 0.000000
000855 2 0 0 0.000000
000856 2 0 0 0.000000
000857 2 0 0 0.000000
000858 2 0 0 0.000000
000859 2 0 0 0.000000
000860 2 0 0 0.000000
000861 2 0 0 0.000000
000862 2 0 0 0.000000
000863 2 0 0 0.000000
000864 2 0 0 0.000000
000865 2 0 0 0.000000
000866 2 0 0 0.000000
000867 2 0 0 0.000000
000868 2 0 0 0.000000
000869 2 0 0 0.000000
000870 2 0 0 0.000000
000871 2 0 0 0.000000
000872 2 0 0 0.000000
000873 2 0 0 0.000000
000874 2 0 0 0.000000
000875 2 0 0 0.000000
000876 2 0 0 0.000000
000877 2 0 0 0.000000
000878 2 0 0 0.000000
000879 2 0 0 0.000000
000880 2 0 0 0.000000
000881 2 0 0 0.000000
000882 2 0 0 0.000000
000883 2 0 0 0.000000
000884 2 0 0 0.000000
000885 2 0 0 0.000000
000886 2 0 1 0.000000
000887 2 0 1 0.000000
000888 2 0 0 0.000000
000889 2 0 0 0.000000
000890 2 0 0 0.000000
000891 2 0 0 0.000000
000892 2 0 1 0.000000
000893 2 0 0 0.000000
000894 2 0 0 0.000000
000895 2 0 0 0.000000
000896 2 0 1 0.000000
000897 2 0 0 0.000000
000898 2 0 0 0.000000
000899 2 0 0 0.000000
000900 2 0 0 0.000000
