000001 0 0 0 0.000000
000002 0 0 0 0.000000
000003 0 0 0 0.000000
000004 0 0 0 0.000000
000005 0 0 0 0.000000
000006 0 0 0 0.000000
000007 0 0 0 0.000000
000008 0 0 0 0.000000
000009 0 0 0 0.000000
000010 0 0 0 0.000000
000011 0 0 0 0.000000
000012 0 0 0 0.000000
000013 0 0 0 0.000000
000014 0 0 0 0.000000
000015 0 0 0 0.000000
000016 0 0 0 0.000000
000017 0 0 0 0.000000
000018 0 0 0 0.000000
000019 0 0 0 0.000000
000020 0 0 0 0.000000
000021 0 0 0 0.000000
000022 0 0 0 0.000000
000023 0 0 0 0.000000
000024 0 0 0 0.000000
000025 0 0 0 0.000000
000026 0 0 0 0.000000
000027 0 0 0 0.000000
000028 0 0 0 0.000000
000029 0 0 0 0.000000
000030 0 0 0 0.000000
000031 0 0 0 0.000000
000032 0 0 0 0.000000
000033 0 0 0 0.000000
000034 0 0 0 0.000000
000035 0 0 0 0.000000
000036 0 0 0 0.000000
000037 0 0 0 0.000000
000038 0 0 0 0.000000
000039 0 0 0 0.000000
000040 0 0 0 0.000000
000041 0 0 0 0.000000
000042 0 0 0 0.000000
000043 0 0 0 0.000000
000044 0 0 0 0.000000
000045 0 0 0 0.000000
000046 0 0 0 0.000000
000047 0 0 0 0.000000
000048 0 0 0 0.000000
000049 0 0 0 0.000000
000050 0 0 0 0.000000
000051 0 0 0 0.000000
000052 0 0 0 0.000000
000053 0 0 0 0.000000
000054 0 0 0 0.000000
000055 0 0 0 0.000000
000056 0 0 0 0.000000
000057 0 0 0 0.000000
000058 0 0 0 0.000000
000059 0 0 0 0.000000
000060 0 0 0 0.000000
000061 0 0 0 0.000000
000062 0 0 0 0.000000
000063 0 0 0 0.000000
000064 0 0 0 0.000000
000065 0 0 0 0.000000
000066 0 0 0 0.000000
000067 0 0 0 0.000000
000068 0 0 0 0.000000
000069 0 0 0 0.000000
000070 0 0 0 0.000000
000071 0 0 0 0.000000
000072 0 0 0 0.000000
000073 0 0 0 0.000000
000074 0 0 0 0.000000
000075 0 0 0 0.000000
000076 0 0 0 0.000000
000077 0 0 0 0.000000
000078 0 0 0 0.000000
000079 0 0 0 0.000000
000080 0 0 0 0.000000
000081 0 0 0 0.000000
000082 0 0 0 0.000000
000083 0 0 0 0.000000
000084 0 0 0 0.000000
000085 0 0 0 0.000000
000086 0 0 0 0.000000
000087 0 0 0 0.000000
000088 0 0 0 0.000000
000089 0 0 0 0.000000
000090 0 0 0 0.000000
000091 0 0 0 0.000000
000092 0 0 0 0.000000
000093 0 0 0 0.000000
000094 0 0 0 0.000000
000095 0 0 0 0.000000
000096 0 0 0 0.000000
000097 0 0 0 0.000000
000098 0 0 0 0.000000
000099 0 0 0 0.000000
000100 0 0 0 0.000000
000101 0 0 0 0.000000
000102 0 0 0 0.000000
000103 0 0 0 0.000000
000104 0 0 0 0.000000
000105 0 0 0 0.000000
000106 0 0 0 0.000000
000107 0 0 0 0.000000
000108 0 0 0 0.000000
000109 0 0 0 0.000000
000110 0 0 0 0.000000
000111 0 0 0 0.000000
000112 0 0 0 0.000000
000113 0 0 0 0.000000
000114 0 0 0 0.000000
000115 0 0 0 0.000000
000116 0 0 0 0.000000
000117 0 0 0 0.000000
000118 0 0 0 0.000000
000119 0 0 0 0.000000
000120 0 0 0 0.000000
000121 0 0 0 0.000000
000122 0 0 0 0.000000
000123 0 0 0 0.000000
000124 0 0 0 0.000000
000125 0 0 0 0.000000
000126 0 0 0 0.000000
000127 0 0 0 0.000000
000128 0 0 0 0.000000
000129 0 0 0 0.000000
000130 0 0 0 0.000000
000131 0 0 0 0.000000
000132 0 0 0 0.000000
000133 0 0 0 0.000000
000134 0 0 0 0.000000
000135 0 0 0 0.000000
000136 0 0 0 0.000000
000137 0 0 0 0.000000
000138 0 0 0 0.000000
000139 0 0 0 0.000000
000140 0 0 0 0.000000
000141 0 0 0 0.000000
000142 0 0 0 0.000000
000143 0 0 0 0.000000
000144 0 0 0 0.000000
000145 0 0 0 0.000000
000146 0 0 0 0.000000
000147 0 0 0 0.000000
000148 0 0 0 0.000000
000149 0 0 0 0.000000
000150 0 0 0 0.000000
000151 0 0 0 0.000000
000152 0 0 0 0.000000
000153 0 0 0 0.000000
000154 0 0 0 0.000000
000155 0 0 0 0.000000
000156 0 0 0 0.000000
000157 0 0 0 0.000000
000158 0 0 0 0.000000
000159 0 0 0 0.000000
000160 0 0 0 0.000000
000161 0 0 0 0.000000
000162 0 0 0 0.000000
000163 0 0 0 0.000000
000164 0 0 0 0.000000
000165 0 0 0 0.000000
000166 0 0 0 0.000000
000167 0 0 0 0.000000
000168 0 0 0 0.000000
000169 1 0 0 0.000000
000170 1 0 0 0.000000
000171 1 0 0 0.000000
000172 1 0 0 0.000000
000173 1 1 0 0.723397
000174 1 0 0 0.000000
000175 1 1 0 0.629328
000176 1 1 0 0.622063
000177 1 0 0 0.000000
000178 1 0 0 0.000000
000179 1 1 0 0.682476
000180 1 1 0 0.547392
000181 1 0 0 0.000000
000182 1 1 0 0.484419
000183 1 1 0 0.629328
000184 1 0 0 0.000000
000185 1 0 0 0.000000
000186 1 0 0 0.000000
000187 1 0 0 0.000000
000188 1 0 0 0.000000
000189 1 0 0 0.000000
000190 1 0 0 0.000000
000191 1 0 0 0.000000
000192 1 0 0 0.000000
000193 1 0 0 0.000000
000194 1 0 0 0.000000
000195 1 0 0 0.000000
000196 1 0 1 0.000000
000197 2 0 0 0.000000
000198 2 0 0 0.000000
000199 2 1 0 0.695369
000200 2 1 0 0.663653
000201 2 1 0 0.574741
000202 2 1 0 0.584261
000203 2 1 0 0.639693
000204 2 1 0 0.682470
000205 2 0 0 0.000000
000206 2 0 0 0.000000
000207 2 0 0 0.000000
000208 2 0 0 0.000000
000209 2 1 0 0.797954
000210 2 1 0 0.776501
000211 2 0 0 0.000000
000212 2 0 0 0.000000
000213 2 0 0 0.000000
000214 2 1 0 0.797954
000215 2 0 0 0.000000
000216 2 0 0 0.000000
000217 2 0 0 0.000000
000218 2 0 0 0.000000
000219 2 0 0 0.000000
000220 2 0 0 0.000000
000221 2 0 0 0.000000
000222 2 1 0 0.665302
000223 2 0 0 0.000000
000224 2 1 0 0.570318
000225 2 2 0 0.762013
000226 2 1 0 0.871795
000227 2 0 0 0.000000
000228 2 0 0 0.000000
000229 2 0 0 0.000000
000230 2 0 0 0.000000
000231 2 0 0 0.000000
000232 2 0 0 0.000000
000233 2 0 0 0.000000
000234 2 0 0 0.000000
000235 2 0 0 0.000000
000236 2 0 0 0.000000
000237 2 0 0 0.000000
000238 2 0 0 0.000000
000239 2 0 0 0.000000
000240 2 0 0 0.000000
000241 2 0 0 0.000000
000242 2 0 0 0.000000
000243 2 0 0 0.000000
000244 2 0 0 0.000000
000245 2 0 0 0.000000
000246 2 0 0 0.000000
000247 2 0 0 0.000000
000248 2 0 0 0.000000
000249 2 0 0 0.000000
000250 2 1 0 0.787254
000251 2 0 0 0.000000
000252 2 1 0 0.740072
000253 2 0 1 0.129833
000254 2 1 0 0.633440
000255 2 0 1 0.139233
000256 2 0 0 0.000000
000257 2 1 0 0.656461
000258 2 0 1 0.129833
000259 2 0 1 0.123626
000260 2 0 1 0.130833
000261 2 1 1 0.379464
000262 2 0 1 0.124550
000263 2 1 1 0.395581
000264 2 1 1 0.387095
000265 2 0 1 0.129833
000266 2 0 1 0.129833
000267 2 0 0 0.000000
000268 2 0 0 0.000000
000269 2 0 1 0.129833
000270 2 0 1 0.129833
000271 2 0 1 0.128848
000272 2 0 1 0.125488
000273 2 0 1 0.129833
000274 2 0 1 0.128848
000275 2 0 1 0.136529
000276 2 0 1 0.128848
000277 2 0 1 0.135461
000278 2 1 0 0.503245
000279 2 0 0 0.000000
000280 2 1 0 0.549237
000281 2 0 0 0.000000
000282 2 1 0 0.628626
000283 2 1 0 0.628626
000284 2 0 0 0.000000
000285 2 1 0 0.648702
000286 2 1 0 0.636005
000287 2 1 0 0.541209
000288 2 1 0 0.552383
000289 2 1 0 0.648702
000290 2 1 0 0.577749
000291 2 0 0 0.000000
000292 2 0 0 0.000000
000293 2 0 0 0.000000
000294 2 0 0 0.000000
000295 2 0 0 0.000000
000296 2 0 0 0.000000
000297 2 0 0 0.000000
000298 2 0 0 0.000000
000299 2 0 0 0.000000
000300 2 0 0 0.000000
000301 2 1 0 0.687561
000302 2 1 0 0.675683
000303 2 0 0 0.000000
000304 2 1 0 0.553216
000305 2 1 0 0.601047
000306 2 1 0 0.648702
000307 2 1 0 0.810471
000308 2 0 0 0.000000
000309 2 0 0 0.000000
000310 2 0 0 0.000000
000311 2 1 0 0.908867
000312 2 0 0 0.000000
000313 2 0 0 0.000000
000314 2 0 0 0.000000
000315 2 0 0 0.000000
000316 2 0 0 0.000000
000317 2 0 0 0.000000
000318 2 0 0 0.000000
000319 2 0 0 0.000000
000320 2 0 0 0.000000
000321 2 1 0 0.584462
000322 2 0 0 0.000000
000323 2 1 0 0.630306
000324 2 1 0 0.551963
000325 2 1 0 0.489165
000326 2 1 0 0.481685
000327 2 0 0 0.000000
000328 2 0 0 0.000000
000329 2 0 0 0.000000
000330 2 0 0 0.000000
000331 2 0 0 0.000000
000332 2 0 0 0.000000
000333 2 0 0 0.000000
000334 2 0 0 0.000000
000335 2 1 0 0.618309
000336 2 0 0 0.000000
000337 2 0 0 0.000000
000338 2 0 0 0.000000
000339 2 0 0 0.000000
000340 2 0 0 0.000000
000341 2 1 0 0.660000
000342 2 0 0 0.000000
000343 2 0 0 0.000000
000344 2 0 0 0.000000
000345 2 0 0 0.000000
000346 2 0 0 0.000000
000347 2 0 0 0.000000
000348 2 0 0 0.000000
000349 2 1 0 0.707006
000350 2 1 0 0.797954
000351 2 0 0 0.000000
000352 2 0 0 0.000000
000353 2 0 0 0.000000
000354 2 1 0 0.829213
000355 2 0 0 0.000000
000356 2 0 0 0.000000
000357 2 1 0 0.889698
000358 2 0 0 0.000000
000359 2 1 0 0.579945
000360 2 1 0 0.594448
000361 2 0 0 0.000000
000362 2 0 0 0.000000
000363 2 0 0 0.000000
000364 2 1 0 0.553216
000365 2 1 0 0.595618
000366 2 1 0 0.583383
000367 2 0 0 0.000000
000368 2 1 0 0.583086
000369 2 0 0 0.000000
000370 2 0 0 0.000000
000371 2 0 0 0.000000
000372 2 1 0 0.505921
000373 2 1 0 0.505921
000374 2 0 0 0.000000
000375 2 0 0 0.000000
000376 2 1 0 0.561174
000377 2 1 0 0.615056
000378 2 1 0 0.618030
000379 2 1 0 0.602500
000380 2 0 0 0.000000
000381 2 0 0 0.000000
000382 2 2 0 0.658271
000383 2 1 0 0.542580
000384 2 1 0 0.628800
000385 2 1 0 0.574052
000386 2 0 0 0.000000
000387 2 1 0 0.501007
000388 2 0 0 0.000000
000389 2 0 0 0.000000
000390 2 1 0 0.504644
000391 2 0 0 0.000000
000392 2 0 0 0.000000
000393 2 0 0 0.000000
000394 2 1 0 0.585880
000395 2 1 0 0.551963
000396 2 1 0 0.513734
000397 2 1 0 0.564147
000398 2 0 0 0.000000
000399 2 0 0 0.000000
000400 2 0 0 0.000000
000401 2 0 0 0.000000
000402 2 0 0 0.000000
000403 2 0 0 0.000000
000404 2 1 0 0.957447
000405 2 0 0 0.000000
000406 2 0 0 0.000000
000407 2 0 0 0.000000
000408 2 0 0 0.000000
000409 2 0 0 0.000000
000410 2 0 0 0.000000
000411 2 0 0 0.000000
000412 2 0 0 0.000000
000413 2 0 0 0.000000
000414 2 0 0 0.000000
000415 2 0 0 0.000000
000416 2 0 0 0.000000
000417 2 0 0 0.000000
000418 2 1 0 0.497440
000419 2 0 0 0.000000
000420 2 0 0 0.000000
000421 2 1 0 0.583387
000422 2 0 0 0.000000
000423 2 1 0 0.551441
000424 2 0 0 0.000000
000425 2 0 0 0.000000
000426 2 1 0 0.799759
000427 2 0 0 0.000000
000428 2 1 0 0.581447
000429 2 0 0 0.000000
000430 2 0 0 0.000000
000431 2 0 0 0.000000
000432 2 1 0 0.579674
000433 2 1 0 0.594830
000434 2 0 0 0.000000
000435 2 0 0 0.000000
000436 2 0 0 0.000000
000437 2 1 0 0.485027
000438 2 0 0 0.000000
000439 2 1 0 0.570318
000440 2 1 0 0.570318
000441 2 1 0 0.570318
000442 2 1 0 0.647456
000443 2 0 0 0.000000
000444 2 0 0 0.000000
000445 2 0 0 0.000000
000446 2 1 0 0.486995
000447 2 0 0 0.000000
000448 2 0 0 0.000000
000449 2 0 0 0.000000
000450 2 0 0 0.000000
000451 2 0 0 0.000000
000452 2 0 0 0.000000
000453 2 0 0 0.000000
000454 2 0 0 0.000000
000455 2 0 0 0.000000
000456 2 1 0 0.501007
000457 2 1 0 0.583387
000458 2 0 0 0.000000
000459 2 0 0 0.000000
000460 2 1 0 0.570318
000461 2 1 0 0.551117
000462 2 1 0 0.574052
000463 2 1 0 0.608162
000464 2 1 0 0.422216
000465 2 0 0 0.000000
000466 2 0 0 0.000000
000467 2 0 0 0.000000
000468 2 0 0 0.000000
000469 2 0 0 0.000000
000470 2 0 0 0.000000
000471 2 0 0 0.000000
000472 2 1 0 0.573067
000473 2 1 0 0.565411
000474 2 0 0 0.000000
000475 2 0 0 0.000000
000476 2 0 0 0.000000
000477 2 1 0 0.554242
000478 2 0 0 0.000000
000479 2 0 0 0.000000
000480 2 0 0 0.000000
000481 2 0 0 0.000000
000482 2 0 0 0.000000
000483 2 0 0 0.000000
000484 2 1 0 1.009662
000485 2 0 0 0.000000
000486 2 0 0 0.000000
000487 2 0 0 0.000000
000488 2 0 0 0.000000
000489 2 1 0 0.770548
000490 2 0 0 0.000000
000491 2 0 0 0.000000
000492 2 0 0 0.000000
000493 2 0 0 0.000000
000494 2 1 0 0.504644
000495 2 1 0 0.508852
000496 2 0 0 0.000000
000497 2 1 0 0.497591
000498 2 0 0 0.000000
000499 2 0 0 0.000000
000500 2 1 0 0.504644
000501 2 1 0 0.502813
000502 2 1 0 0.497921
000503 2 0 0 0.000000
000504 2 0 0 0.000000
000505 2 0 0 0.000000
000506 2 0 0 0.000000
000507 2 0 0 0.000000
000508 2 0 0 0.000000
000509 2 0 0 0.000000
000510 2 0 0 0.000000
000511 2 1 1 0.360007
000512 2 1 0 0.504644
000513 2 0 0 0.000000
000514 2 0 1 0.134409
000515 2 0 0 0.000000
000516 2 0 0 0.000000
000517 2 0 0 0.000000
000518 2 0 1 0.133373
000519 2 0 0 0.000000
000520 2 0 0 0.000000
000521 2 0 0 0.000000
000522 2 0 0 0.000000
000523 2 0 0 0.000000
000524 2 0 1 0.144323
000525 2 1 0 0.604774
000526 2 0 0 0.000000
000527 2 1 0 0.561174
000528 2 1 0 0.501007
000529 2 1 0 0.626364
000530 2 1 0 0.570318
000531 2 0 1 0.148013
000532 2 0 1 0.136606
000533 2 0 1 0.143337
000534 2 1 1 0.325157
000535 2 0 1 0.146314
000536 2 0 1 0.140262
000537 2 0 0 0.000000
000538 2 0 1 0.146314
000539 2 1 0 0.579674
000540 2 1 0 0.579674
000541 2 1 0 0.431252
000542 2 1 0 0.511208
000543 2 1 0 0.511208
000544 2 1 0 0.484605
000545 2 0 0 0.000000
000546 2 0 0 0.000000
000547 2 0 0 0.000000
000548 2 1 0 0.375303
000549 2 1 0 0.442664
000550 2 1 0 0.422216
000551 2 1 0 0.484605
000552 2 0 0 0.000000
000553 2 0 0 0.000000
000554 2 0 0 0.000000
000555 2 0 0 0.000000
000556 2 0 0 0.000000
000557 2 0 0 0.000000
000558 2 0 0 0.000000
000559 2 0 0 0.000000
000560 2 0 0 0.000000
000561 2 0 0 0.000000
000562 2 0 0 0.000000
000563 2 1 0 0.554242
000564 2 1 0 0.570318
000565 2 1 0 0.585208
000566 2 1 0 0.573818
000567 2 1 0 0.570318
000568 2 1 0 0.548243
000569 2 1 0 0.542580
000570 2 1 0 0.561174
000571 2 1 0 0.641354
000572 2 1 0 0.512053
000573 2 1 0 0.551117
000574 2 1 1 0.285159
000575 2 0 0 0.000000
000576 2 0 0 0.000000
000577 2 0 0 0.000000
000578 2 0 0 0.000000
000579 2 1 0 0.497921
000580 2 1 0 0.484605
000581 2 0 0 0.000000
000582 2 1 0 0.471261
000583 2 0 0 0.000000
000584 2 0 0 0.000000
000585 2 1 0 0.516868
000586 2 0 0 0.000000
000587 2 1 0 0.542460
000588 2 1 0 0.442664
000589 2 1 0 0.434547
000590 2 0 0 0.000000
000591 2 1 0 0.431252
000592 2 1 0 0.431252
000593 2 0 0 0.000000
000594 2 0 0 0.000000
000595 2 2 0 0.471143
000596 2 2 0 0.463345
000597 2 0 0 0.000000
000598 2 0 0 0.000000
000599 2 0 0 0.000000
000600 2 1 0 0.579674
000601 2 1 0 0.637004
000602 2 1 0 0.652237
000603 2 1 0 0.579674
000604 2 1 0 0.579674
000605 2 0 0 0.000000
000606 2 0 0 0.000000
000607 2 0 0 0.000000
000608 2 0 0 0.000000
000609 2 0 0 0.000000
000610 2 0 0 0.000000
000611 2 0 0 0.000000
000612 2 1 0 0.581447
000613 2 1 0 0.488447
000614 2 1 0 0.565411
000615 2 0 0 0.000000
000616 2 0 0 0.000000
000617 2 0 0 0.000000
000618 2 0 0 0.000000
000619 2 0 0 0.000000
000620 2 0 0 0.000000
000621 2 0 0 0.000000
000622 2 0 0 0.000000
000623 2 0 0 0.000000
000624 2 0 0 0.000000
000625 2 0 0 0.000000
000626 2 0 0 0.000000
000627 2 0 0 0.000000
000628 2 0 0 0.000000
000629 2 0 0 0.000000
000630 2 0 0 0.000000
000631 2 0 0 0.000000
000632 2 0 0 0.000000
000633 2 0 0 0.000000
000634 2 0 0 0.000000
000635 2 0 0 0.000000
000636 2 0 0 0.000000
000637 2 0 0 0.000000
000638 2 0 0 0.000000
000639 2 0 0 0.000000
000640 2 0 0 0.000000
000641 2 0 0 0.000000
000642 2 0 0 0.000000
000643 2 0 0 0.000000
000644 2 0 0 0.000000
000645 2 0 0 0.000000
000646 2 0 0 0.000000
000647 2 0 0 0.000000
000648 2 0 0 0.000000
000649 2 0 0 0.000000
000650 2 0 0 0.000000
