000001 0 0 0 0.000000
000002 0 0 0 0.000000
000003 0 0 0 0.000000
000004 0 0 0 0.000000
000005 0 0 0 0.000000
000006 0 0 0 0.000000
000007 0 0 0 0.000000
000008 0 0 0 0.000000
000009 0 0 0 0.000000
000010 0 0 0 0.000000
000011 0 0 0 0.000000
000012 0 0 0 0.000000
000013 0 0 0 0.000000
000014 0 0 0 0.000000
000015 0 0 0 0.000000
000016 0 0 0 0.000000
000017 0 0 0 0.000000
000018 0 0 0 0.000000
000019 0 0 0 0.000000
000020 0 0 0 0.000000
000021 0 0 0 0.000000
000022 0 0 0 0.000000
000023 0 0 0 0.000000
000024 0 0 0 0.000000
000025 0 0 0 0.000000
000026 0 0 0 0.000000
000027 0 0 0 0.000000
000028 0 0 0 0.000000
000029 0 0 0 0.000000
000030 0 0 0 0.000000
000031 0 0 0 0.000000
000032 0 0 0 0.000000
000033 0 0 0 0.000000
000034 0 0 0 0.000000
000035 0 0 0 0.000000
000036 0 0 0 0.000000
000037 0 0 0 0.000000
000038 0 0 0 0.000000
000039 0 0 0 0.000000
000040 0 0 0 0.000000
000041 0 0 0 0.000000
000042 0 0 0 0.000000
000043 0 0 0 0.000000
000044 0 0 0 0.000000
000045 0 0 0 0.000000
000046 0 0 0 0.000000
000047 0 0 0 0.000000
000048 0 0 0 0.000000
000049 0 0 0 0.000000
000050 0 0 0 0.000000
000051 0 0 0 0.000000
000052 0 0 0 0.000000
000053 0 0 0 0.000000
000054 0 0 0 0.000000
000055 0 0 0 0.000000
000056 0 0 0 0.000000
000057 0 0 0 0.000000
000058 0 0 0 0.000000
000059 0 0 0 0.000000
000060 0 0 0 0.000000
000061 0 0 0 0.000000
000062 0 0 0 0.000000
000063 0 0 0 0.000000
000064 0 0 0 0.000000
000065 0 0 0 0.000000
000066 0 0 0 0.000000
000067 0 0 0 0.000000
000068 0 0 0 0.000000
000069 0 0 0 0.000000
000070 0 0 0 0.000000
000071 0 0 0 0.000000
000072 0 0 0 0.000000
000073 0 0 0 0.000000
000074 0 0 0 0.000000
000075 0 0 0 0.000000
000076 0 0 0 0.000000
000077 0 0 0 0.000000
000078 0 0 0 0.000000
000079 0 0 0 0.000000
000080 0 0 0 0.000000
000081 0 0 0 0.000000
000082 0 0 0 0.000000
000083 0 0 0 0.000000
000084 0 0 0 0.000000
000085 0 0 0 0.000000
000086 0 0 0 0.000000
000087 0 0 0 0.000000
000088 0 0 0 0.000000
000089 0 0 0 0.000000
000090 0 0 0 0.000000
000091 0 0 0 0.000000
000092 0 0 0 0.000000
000093 0 0 0 0.000000
000094 0 0 0 0.000000
000095 0 0 0 0.000000
000096 0 0 0 0.000000
000097 0 0 0 0.000000
000098 0 0 0 0.000000
000099 0 0 0 0.000000
000100 0 0 0 0.000000
000101 0 0 0 0.000000
000102 0 0 0 0.000000
000103 0 0 0 0.000000
000104 0 0 0 0.000000
000105 0 0 0 0.000000
000106 0 0 0 0.000000
000107 0 0 0 0.000000
000108 0 0 0 0.000000
000109 0 0 0 0.000000
000110 0 0 0 0.000000
000111 0 0 0 0.000000
000112 0 0 0 0.000000
000113 0 0 0 0.000000
000114 0 0 0 0.000000
000115 0 0 0 0.000000
000116 0 0 0 0.000000
000117 0 0 0 0.000000
000118 0 0 0 0.000000
000119 0 0 0 0.000000
000120 0 0 0 0.000000
000121 0 0 0 0.000000
000122 0 0 0 0.000000
000123 0 0 0 0.000000
000124 0 0 0 0.000000
000125 0 0 0 0.000000
000126 0 0 0 0.000000
000127 0 0 0 0.000000
000128 0 0 0 0.000000
000129 0 0 0 0.000000
000130 0 0 0 0.000000
000131 0 0 0 0.000000
000132 0 0 0 0.000000
000133 0 0 0 0.000000
000134 0 0 0 0.000000
000135 0 0 0 0.000000
000136 0 0 0 0.000000
000137 0 0 0 0.000000
000138 0 0 0 0.000000
000139 0 0 0 0.000000
000140 0 0 0 0.000000
000141 0 0 0 0.000000
000142 0 0 0 0.000000
000143 0 0 0 0.000000
000144 0 0 0 0.000000
000145 0 0 0 0.000000
000146 0 0 0 0.000000
000147 0 0 0 0.000000
000148 0 0 1 0.000000
000149 2 0 1 0.000000
000150 2 0 0 0.000000
000151 2 0 0 0.000000
000152 2 0 0 0.000000
000153 2 0 0 0.000000
000154 2 0 0 0.000000
000155 2 0 0 0.000000
000156 2 0 0 0.000000
000157 2 0 0 0.000000
000158 2 2 0 0.790105
000159 2 1 0 0.696224
000160 2 0 0 0.000000
000161 2 0 0 0.000000
000162 2 0 0 0.000000
000163 2 0 0 0.000000
000164 2 0 0 0.000000
000165 2 0 0 0.000000
000166 2 0 0 0.000000
000167 2 0 0 0.000000
000168 2 0 0 0.000000
000169 2 0 0 0.000000
000170 2 0 0 0.000000
000171 2 0 0 0.000000
000172 2 0 0 0.000000
000173 2 0 0 0.000000
000174 2 0 0 0.000000
000175 2 0 0 0.000000
000176 2 0 0 0.000000
000177 2 1 0 0.751979
000178 2 1 0 0.650986
000179 2 1 0 0.347985
000180 2 1 0 0.403683
000181 2 0 0 0.000000
000182 2 2 0 0.532359
000183 2 1 0 0.734536
000184 2 1 0 0.840909
000185 2 0 0 0.000000
000186 2 1 0 0.770270
000187 2 1 0 0.921053
000188 2 0 0 0.000000
000189 2 0 0 0.000000
000190 2 0 0 0.000000
000191 2 1 0 0.905861
000192 2 0 0 0.000000
000193 2 0 0 0.000000
000194 2 1 0 0.742574
000195 2 0 0 0.000000
000196 2 0 0 0.000000
000197 2 0 0 0.000000
000198 2 1 0 0.797320
000199 2 0 0 0.000000
000200 2 1 0 0.770321
000201 2 1 0 0.725889
000202 2 0 0 0.000000
000203 2 0 0 0.000000
000204 2 0 0 0.000000
000205 2 0 0 0.000000
000206 2 0 0 0.000000
000207 2 0 0 0.000000
000208 2 0 0 0.000000
000209 2 0 0 0.000000
000210 2 0 0 0.000000
000211 2 0 0 0.000000
000212 2 0 1 0.084320
000213 2 1 0 0.742574
000214 2 1 1 0.418904
000215 2 0 1 0.078168
000216 2 0 1 0.082717
000217 2 0 1 0.082717
000218 2 0 1 0.084973
000219 2 0 1 0.084320
000220 2 1 1 0.343891
000221 2 1 1 0.389541
000222 2 1 1 0.381659
000223 2 2 1 0.516073
000224 2 2 1 0.445359
000225 2 1 1 0.316232
000226 2 1 1 0.331938
000227 2 1 1 0.327226
000228 2 0 1 0.088017
000229 2 0 1 0.088716
000230 2 1 1 0.412679
000231 2 1 1 0.456745
000232 2 1 0 0.746606
000233 2 1 1 0.447839
000234 2 0 0 0.000000
000235 2 1 0 0.759171
000236 2 1 0 0.829384
000237 2 1 0 0.850891
000238 2 0 0 0.000000
000239 2 1 0 0.562574
000240 2 0 0 0.000000
000241 2 2 0 0.759390
000242 2 1 0 0.600422
000243 2 1 0 0.587270
000244 2 1 0 0.594859
000245 2 1 0 0.643773
000246 2 0 0 0.000000
000247 2 1 0 0.493575
000248 2 1 0 0.442941
000249 2 1 0 0.465911
000250 2 0 0 0.000000
000251 2 0 0 0.000000
000252 2 0 0 0.000000
000253 2 1 0 0.819793
000254 2 0 0 0.000000
000255 2 0 0 0.000000
000256 2 0 0 0.000000
000257 2 0 0 0.000000
000258 2 0 0 0.000000
000259 2 1 0 0.759292
000260 2 0 0 0.000000
000261 2 0 0 0.000000
000262 2 1 0 0.607772
000263 2 1 0 0.664946
000264 2 2 0 0.619698
000265 2 0 0 0.000000
000266 2 2 0 0.656792
000267 2 1 0 0.819793
000268 2 1 0 0.495831
000269 2 1 0 0.585313
000270 2 0 0 0.000000
000271 2 1 0 0.583259
000272 2 2 0 0.680585
000273 2 1 0 0.618479
000274 2 1 0 0.570127
000275 2 1 0 0.751979
000276 2 1 0 0.787037
000277 2 1 0 0.690122
000278 2 1 0 0.734536
000279 2 1 0 0.799712
000280 2 0 0 0.000000
000281 2 0 0 0.000000
000282 2 1 0 0.873786
000283 2 0 0 0.000000
000284 2 0 0 0.000000
000285 2 0 0 0.000000
000286 2 1 0 0.749343
000287 2 1 0 0.601633
000288 2 1 0 0.569274
000289 2 1 0 0.578502
000290 2 0 0 0.000000
000291 2 0 0 0.000000
000292 2 1 0 0.639841
000293 2 3 0 0.586598
000294 2 0 0 0.000000
000295 2 0 0 0.000000
000296 2 0 0 0.000000
000297 2 0 0 0.000000
000298 2 0 0 0.000000
000299 2 0 0 0.000000
000300 2 1 0 0.861027
000301 2 0 0 0.000000
000302 2 0 0 0.000000
000303 2 0 0 0.000000
000304 2 0 0 0.000000
000305 2 1 0 0.403683
000306 2 0 0 0.000000
000307 2 0 0 0.000000
000308 2 0 0 0.000000
000309 2 0 0 0.000000
000310 2 0 0 0.000000
000311 2 0 0 0.000000
000312 2 1 0 0.563674
000313 2 0 0 0.000000
000314 2 0 0 0.000000
000315 2 0 0 0.000000
000316 2 0 0 0.000000
000317 2 0 0 0.000000
000318 2 0 0 0.000000
000319 2 0 0 0.000000
000320 2 0 0 0.000000
000321 2 0 0 0.000000
000322 2 0 0 0.000000
000323 2 0 0 0.000000
000324 2 0 0 0.000000
000325 2 4 0 0.625660
000326 2 2 0 0.711597
000327 2 3 0 0.680842
000328 2 1 0 0.688990
000329 2 2 0 0.622312
000330 2 0 0 0.000000
000331 2 1 0 0.570724
000332 2 1 0 0.578004
000333 2 1 0 0.566879
000334 2 0 0 0.000000
000335 2 0 0 0.000000
000336 2 1 0 0.569886
000337 2 1 0 0.613249
000338 2 1 0 0.751979
000339 2 2 0 0.689263
000340 2 0 0 0.000000
000341 2 1 0 0.584233
000342 2 0 0 0.000000
000343 2 1 0 0.396936
000344 2 1 0 0.619107
000345 2 2 0 0.471793
000346 2 0 0 0.000000
000347 2 0 0 0.000000
000348 2 0 0 0.000000
000349 2 0 0 0.000000
000350 2 0 0 0.000000
000351 2 0 0 0.000000
000352 2 0 0 0.000000
000353 2 0 0 0.000000
000354 2 0 0 0.000000
000355 2 0 0 0.000000
000356 2 0 1 0.000000
000357 2 0 0 0.000000
000358 2 0 0 0.000000
000359 2 0 0 0.000000
000360 2 1 0 0.591895
000361 2 0 0 0.000000
000362 2 1 0 0.684991
000363 2 1 0 0.629999
000364 2 0 0 0.000000
000365 2 1 0 0.633402
000366 2 1 0 0.494800
000367 2 1 0 0.560410
000368 2 1 0 0.722922
000369 2 1 0 0.686207
000370 2 0 0 0.000000
000371 2 1 0 0.663949
000372 2 2 0 0.741061
000373 2 0 0 0.000000
000374 2 1 0 0.683746
000375 2 1 0 0.638998
000376 2 1 0 0.608894
000377 2 0 0 0.000000
000378 2 0 0 0.000000
000379 2 1 0 0.571202
000380 2 0 0 0.000000
000381 2 1 0 0.512512
000382 2 0 0 0.000000
000383 2 0 0 0.000000
000384 2 0 0 0.000000
000385 2 0 0 0.000000
000386 2 0 0 0.000000
000387 2 1 0 0.751979
000388 2 0 0 0.000000
000389 2 0 0 0.000000
000390 2 0 0 0.000000
000391 2 0 0 0.000000
000392 2 0 0 0.000000
000393 2 1 0 0.619559
000394 2 0 0 0.000000
000395 2 1 0 0.943709
000396 2 0 0 0.000000
000397 2 1 0 0.969388
000398 2 0 0 0.000000
000399 2 1 0 1.100386
000400 2 0 0 0.000000
000401 2 1 0 0.610528
000402 2 1 0 0.608894
000403 2 1 0 1.041276
000404 2 0 0 0.000000
000405 2 0 0 0.000000
000406 2 0 0 0.000000
000407 2 0 0 0.000000
000408 2 1 0 0.588357
000409 2 0 0 0.000000
000410 2 2 0 0.791750
000411 2 0 0 0.000000
000412 2 1 0 0.621238
000413 2 1 0 0.599469
000414 2 1 0 0.621238
000415 2 1 0 0.599469
000416 2 1 0 0.621238
000417 2 1 0 0.708765
000418 2 1 0 0.674420
000419 2 1 0 0.619559
000420 2 1 0 0.619559
000421 2 1 0 0.632646
000422 2 1 0 0.550678
000423 2 1 0 0.541706
000424 2 1 0 0.696811
000425 2 1 0 0.699859
000426 2 0 0 0.000000
000427 2 1 0 0.560410
000428 2 1 0 0.560643
000429 2 1 0 0.541706
000430 2 1 0 0.684799
000431 2 1 0 0.588357
000432 2 1 0 0.699859
000433 2 1 0 0.609055
000434 2 1 0 0.598742
000435 2 1 0 0.697756
000436 2 1 0 0.660895
000437 2 0 0 0.000000
000438 2 1 0 0.570546
000439 2 1 0 0.599469
000440 2 1 0 0.629999
000441 2 1 0 0.625719
000442 2 1 0 0.588357
000443 2 1 0 0.571202
000444 2 0 0 0.000000
000445 2 1 0 0.570546
000446 2 1 0 0.560643
000447 2 1 0 0.621238
000448 2 1 0 0.559184
000449 2 1 0 0.616187
000450 2 1 0 0.640374
000451 2 1 0 0.632646
000452 2 1 0 0.621238
000453 2 1 0 0.560643
000454 2 1 0 0.560643
000455 2 1 0 0.632646
000456 2 1 0 0.632646
000457 2 1 0 0.621238
000458 2 1 0 0.619559
000459 2 1 0 0.640374
000460 2 1 0 0.629999
000461 2 1 0 0.560643
000462 2 1 0 0.629999
000463 2 1 0 0.619559
000464 2 2 0 0.739781
000465 2 0 0 0.000000
000466 2 1 0 0.560643
000467 2 1 0 0.632646
000468 2 1 0 0.696811
000469 2 1 0 0.560643
000470 2 1 0 0.560643
000471 2 1 0 0.621238
000472 2 1 0 0.696811
000473 2 0 0 0.000000
000474 2 1 0 0.621238
000475 2 1 0 0.621238
000476 2 1 0 0.550678
000477 2 1 0 0.550678
000478 2 1 0 0.560643
000479 2 1 0 0.570546
000480 2 1 0 0.672729
000481 2 1 0 0.560643
000482 2 1 0 0.625719
000483 2 1 0 0.560643
000484 2 0 0 0.000000
000485 2 1 0 0.696811
000486 2 0 0 0.000000
000487 2 1 0 0.708765
000488 2 1 0 0.570598
000489 2 1 0 0.632646
000490 2 1 0 0.616187
000491 2 1 0 0.619559
000492 2 0 0 0.000000
000493 2 0 0 0.000000
000494 2 0 0 0.000000
000495 2 1 0 0.621238
000496 2 1 0 0.619559
000497 2 1 0 0.550678
000498 2 1 0 0.570546
000499 2 1 0 0.609055
000500 2 1 0 0.550678
000501 2 1 0 0.584328
000502 2 0 0 0.000000
000503 2 1 0 0.632646
000504 2 1 0 0.588718
000505 2 1 0 0.560643
000506 2 0 0 0.000000
000507 2 0 0 0.000000
000508 2 0 0 0.000000
000509 2 0 0 0.000000
000510 2 0 0 0.000000
000511 2 0 0 0.000000
000512 2 0 0 0.000000
000513 2 0 0 0.000000
000514 2 0 0 0.000000
000515 2 0 0 0.000000
000516 2 0 0 0.000000
000517 2 0 0 0.000000
000518 2 1 0 0.560410
000519 2 2 0 0.789444
000520 2 1 0 0.643998
000521 2 1 0 0.549567
000522 2 1 0 0.659583
000523 2 1 0 0.630019
000524 2 1 0 0.640374
000525 2 1 0 0.670083
000526 2 0 0 0.000000
000527 2 1 0 0.673557
000528 2 1 0 0.616187
000529 2 0 0 0.000000
000530 2 2 0 0.620378
000531 2 2 0 0.739931
000532 2 1 0 0.526555
000533 2 1 0 0.663949
000534 2 2 0 0.609322
000535 2 2 0 0.642678
000536 2 1 0 0.484655
000537 2 1 0 0.584084
000538 2 1 0 0.546406
000539 2 1 0 0.548185
000540 2 2 0 0.605130
000541 2 1 0 0.586481
000542 2 1 0 0.828185
000543 2 0 0 0.000000
000544 2 0 0 0.000000
000545 2 1 0 0.498626
000546 2 0 0 0.000000
000547 2 0 0 0.000000
000548 2 0 0 0.000000
000549 2 0 0 0.000000
000550 2 0 0 0.000000
000551 2 0 0 0.000000
000552 2 0 0 0.000000
000553 2 0 0 0.000000
000554 2 0 0 0.000000
000555 2 0 0 0.000000
000556 2 0 0 0.000000
000557 2 0 0 0.000000
000558 2 0 0 0.000000
000559 2 0 0 0.000000
000560 2 0 0 0.000000
000561 2 0 0 0.000000
000562 2 0 0 0.000000
000563 2 0 0 0.000000
000564 2 0 0 0.000000
000565 2 0 0 0.000000
000566 2 0 0 0.000000
000567 2 0 0 0.000000
000568 2 0 0 0.000000
000569 2 0 1 0.000000
000570 2 0 0 0.000000
000571 2 0 0 0.000000
000572 2 0 0 0.000000
000573 2 0 0 0.000000
000574 2 0 0 0.000000
000575 2 0 0 0.000000
000576 2 0 0 0.000000
000577 2 0 0 0.000000
000578 2 0 0 0.000000
000579 2 0 0 0.000000
000580 2 0 0 0.000000
000581 2 0 0 0.000000
000582 2 0 0 0.000000
000583 2 0 0 0.000000
000584 2 0 0 0.000000
000585 2 0 0 0.000000
000586 2 0 0 0.000000
000587 2 0 0 0.000000
000588 2 0 0 0.000000
000589 2 0 0 0.000000
000590 2 0 0 0.000000
000591 2 0 0 0.000000
000592 2 0 0 0.000000
000593 2 0 0 0.000000
000594 2 0 0 0.000000
000595 2 0 0 0.000000
000596 2 0 0 0.000000
000597 2 0 0 0.000000
000598 2 0 0 0.000000
000599 2 0 0 0.000000
000600 2 0 0 0.000000
000601 2 0 0 0.000000
000602 2 0 0 0.000000
000603 2 0 0 0.000000
000604 2 0 0 0.000000
000605 2 0 0 0.000000
000606 2 0 0 0.000000
000607 2 0 0 0.000000
000608 2 0 0 0.000000
000609 2 0 0 0.000000
000610 2 0 1 0.159127
000611 2 0 0 0.000000
000612 2 0 0 0.000000
000613 2 0 0 0.000000
000614 2 0 0 0.000000
000615 2 0 0 0.000000
000616 2 0 0 0.000000
000617 2 0 0 0.000000
000618 2 0 0 0.000000
000619 2 0 0 0.000000
000620 2 0 0 0.000000
000621 2 0 0 0.000000
000622 2 0 0 0.000000
000623 2 0 0 0.000000
000624 2 0 0 0.000000
000625 2 0 0 0.000000
000626 2 0 0 0.000000
000627 2 0 0 0.000000
000628 2 0 0 0.000000
000629 2 0 0 0.000000
000630 2 0 0 0.000000
000631 2 0 0 0.000000
000632 2 0 0 0.000000
000633 2 0 0 0.000000
000634 2 0 0 0.000000
000635 2 0 0 0.000000
000636 2 0 0 0.000000
000637 2 0 0 0.000000
000638 2 0 0 0.000000
000639 2 0 0 0.000000
000640 2 0 0 0.000000
000641 2 0 0 0.000000
000642 2 0 0 0.000000
000643 2 0 0 0.000000
000644 2 0 0 0.000000
000645 2 0 0 0.000000
000646 2 0 0 0.000000
000647 2 0 0 0.000000
000648 2 0 0 0.000000
000649 2 0 0 0.000000
000650 2 0 0 0.000000
000651 2 0 0 0.000000
000652 2 0 0 0.000000
000653 2 0 0 0.000000
000654 2 0 0 0.000000
000655 2 1 0 0.771674
000656 2 0 0 0.000000
000657 2 0 0 0.000000
000658 2 0 0 0.000000
000659 2 0 0 0.000000
000660 2 0 0 0.000000
000661 2 0 0 0.000000
000662 2 0 0 0.000000
000663 2 0 0 0.000000
000664 2 0 0 0.000000
000665 2 0 0 0.000000
000666 2 0 0 0.000000
000667 2 0 0 0.000000
000668 2 0 0 0.000000
000669 2 0 0 0.000000
000670 2 0 0 0.000000
000671 2 0 0 0.000000
000672 2 0 0 0.000000
000673 2 0 0 0.000000
000674 2 0 0 0.000000
000675 2 0 0 0.000000
000676 2 0 0 0.000000
000677 2 0 0 0.000000
000678 2 1 0 0.714235
000679 2 1 0 0.638262
000680 2 0 0 0.000000
000681 2 0 0 0.000000
000682 2 0 0 0.000000
000683 2 0 0 0.000000
000684 2 0 0 0.000000
000685 2 0 1 0.177983
000686 2 0 0 0.000000
000687 1 0 0 0.000000
000688 1 0 0 0.000000
000689 1 0 0 0.000000
000690 1 0 0 0.000000
000691 1 0 0 0.000000
000692 1 0 0 0.000000
000693 1 0 0 0.000000
000694 1 0 0 0.000000
000695 1 0 0 0.000000
000696 1 0 0 0.000000
000697 1 0 0 0.000000
000698 1 0 0 0.000000
000699 1 0 0 0.000000
000700 1 0 0 0.000000
000701 1 0 0 0.000000
000702 1 0 0 0.000000
000703 1 0 0 0.000000
000704 1 0 0 0.000000
000705 1 0 0 0.000000
000706 1 0 0 0.000000
000707 1 0 0 0.000000
000708 1 0 0 0.000000
000709 1 0 0 0.000000
000710 1 0 0 0.000000
000711 2 0 0 0.000000
000712 2 0 0 0.000000
000713 2 1 0 0.857678
000714 2 0 0 0.000000
000715 2 0 0 0.000000
000716 2 0 0 0.000000
000717 2 0 0 0.000000
000718 2 0 0 0.000000
000719 2 0 0 0.000000
000720 2 0 0 0.000000
000721 2 0 0 0.000000
000722 2 0 0 0.000000
000723 2 0 0 0.000000
000724 2 1 0 0.661044
000725 2 0 0 0.000000
000726 2 0 0 0.000000
000727 2 0 0 0.000000
000728 2 0 0 0.000000
000729 2 0 0 0.000000
000730 2 0 0 0.000000
000731 2 0 0 0.000000
000732 2 0 0 0.000000
000733 2 1 0 0.689708
000734 2 1 0 0.817075
000735 2 2 0 0.757010
000736 2 1 0 0.664608
000737 2 0 0 0.000000
000738 2 1 0 0.733538
000739 2 0 0 0.000000
000740 2 0 1 0.000000
000741 2 0 0 0.000000
000742 2 0 0 0.000000
000743 2 0 0 0.000000
000744 2 0 0 0.000000
000745 2 0 0 0.000000
000746 2 0 0 0.000000
000747 2 0 0 0.000000
000748 2 0 0 0.000000
000749 2 0 0 0.000000
000750 2 0 0 0.000000
000751 2 0 0 0.000000
000752 2 0 0 0.000000
000753 2 0 0 0.000000
000754 2 0 0 0.000000
000755 2 0 0 0.000000
000756 2 1 0 0.476937
000757 2 1 0 0.515714
000758 2 1 0 0.585131
000759 2 1 0 0.581319
000760 2 0 0 0.000000
000761 2 0 0 0.000000
000762 2 0 0 0.000000
000763 2 0 0 0.000000
000764 2 0 0 0.000000
000765 2 0 0 0.000000
000766 2 0 0 0.000000
000767 2 0 0 0.000000
000768 2 0 0 0.000000
000769 2 0 0 0.000000
000770 2 0 0 0.000000
000771 2 0 0 0.000000
000772 2 0 0 0.000000
000773 2 0 0 0.000000
000774 2 0 0 0.000000
000775 2 0 0 0.000000
000776 2 0 0 0.000000
000777 2 0 0 0.000000
000778 2 0 0 0.000000
000779 2 0 0 0.000000
000780 2 1 0 0.850694
000781 2 1 0 0.820202
000782 2 1 0 0.843105
000783 2 1 0 0.725471
000784 2 0 0 0.000000
000785 2 0 0 0.000000
000786 2 0 0 0.000000
000787 2 0 0 0.000000
000788 2 0 0 0.000000
000789 2 0 0 0.000000
000790 2 0 0 0.000000
000791 2 0 0 0.000000
000792 2 0 0 0.000000
000793 2 0 0 0.000000
000794 2 0 0 0.000000
000795 2 0 0 0.000000
000796 2 0 0 0.000000
000797 2 0 0 0.000000
000798 2 0 0 0.000000
000799 2 0 0 0.000000
000800 2 0 0 0.000000
000801 2 0 0 0.000000
000802 2 0 0 0.000000
000803 2 0 0 0.000000
000804 2 0 0 0.000000
000805 2 0 0 0.000000
000806 2 0 0 0.000000
000807 2 0 0 0.000000
000808 2 0 0 0.000000
000809 2 0 0 0.000000
000810 2 0 0 0.000000
000811 2 0 0 0.000000
000812 2 0 0 0.000000
000813 2 0 0 0.000000
000814 2 0 0 0.000000
000815 2 0 0 0.000000
000816 2 0 0 0.000000
000817 2 0 0 0.000000
000818 2 0 0 0.000000
000819 2 0 0 0.000000
000820 2 0 0 0.000000
000821 2 0 0 0.000000
000822 2 0 0 0.000000
000823 2 0 1 0.000000
000824 2 0 0 0.000000
000825 2 0 0 0.000000
000826 2 0 0 0.000000
000827 2 0 0 0.000000
000828 2 0 0 0.000000
000829 2 0 0 0.000000
000830 2 0 0 0.000000
000831 2 0 0 0.000000
000832 2 0 0 0.000000
000833 2 0 0 0.000000
000834 2 0 0 0.000000
000835 2 0 0 0.000000
000836 2 0 0 0.000000
000837 2 0 0 0.000000
000838 2 0 0 0.000000
000839 2 0 0 0.000000
000840 2 0 0 0.000000
000841 2 0 0 0.000000
000842 2 0 0 0.000000
000843 2 0 0 0.000000
000844 2 0 0 0.000000
000845 2 0 0 0.000000
000846 2 0 0 0.000000
000847 2 0 0 0.000000
000848 2 0 0 0.000000
000849 2 0 0 0.000000
000850 2 0 0 0.000000
000851 2 0 0 0.000000
000852 2 0 0 0.000000
000853 2 0 0 0.000000
000854 2 0 0 0.000000
000855 2 0 0 0.000000
000856 2 0 0 0.000000
000857 2 0 0 0.000000
000858 2 0 0 0.000000
000859 2 0 0 0.000000
000860 2 0 0 0.000000
