000001 0 0 0 0.000000
000002 0 0 0 0.000000
000003 0 0 0 0.000000
000004 0 0 0 0.000000
000005 0 0 0 0.000000
000006 0 0 0 0.000000
000007 0 0 0 0.000000
000008 0 0 0 0.000000
000009 0 0 0 0.000000
000010 0 0 0 0.000000
000011 0 0 0 0.000000
000012 0 0 0 0.000000
000013 0 0 0 0.000000
000014 0 0 0 0.000000
000015 0 0 0 0.000000
000016 0 0 0 0.000000
000017 0 0 0 0.000000
000018 0 0 0 0.000000
000019 0 0 0 0.000000
000020 0 0 0 0.000000
000021 0 0 0 0.000000
000022 0 0 0 0.000000
000023 0 0 0 0.000000
000024 0 0 0 0.000000
000025 0 0 0 0.000000
000026 0 0 0 0.000000
000027 0 0 0 0.000000
000028 0 0 0 0.000000
000029 0 0 0 0.000000
000030 0 0 0 0.000000
000031 0 0 0 0.000000
000032 0 0 0 0.000000
000033 0 0 0 0.000000
000034 0 0 0 0.000000
000035 0 0 0 0.000000
000036 0 0 0 0.000000
000037 0 0 0 0.000000
000038 0 0 0 0.000000
000039 0 0 0 0.000000
000040 0 0 0 0.000000
000041 0 0 0 0.000000
000042 0 0 0 0.000000
000043 0 0 0 0.000000
000044 0 0 0 0.000000
000045 0 0 0 0.000000
000046 0 0 0 0.000000
000047 0 0 0 0.000000
000048 0 0 0 0.000000
000049 0 0 0 0.000000
000050 0 0 0 0.000000
000051 0 0 0 0.000000
000052 0 0 0 0.000000
000053 0 0 0 0.000000
000054 0 0 0 0.000000
000055 0 0 0 0.000000
000056 0 0 0 0.000000
000057 0 0 0 0.000000
000058 0 0 0 0.000000
000059 0 0 0 0.000000
000060 0 0 0 0.000000
000061 0 0 0 0.000000
000062 0 0 0 0.000000
000063 0 0 0 0.000000
000064 0 0 0 0.000000
000065 0 0 0 0.000000
000066 0 0 0 0.000000
000067 0 0 0 0.000000
000068 0 0 0 0.000000
000069 0 0 0 0.000000
000070 0 0 0 0.000000
000071 0 0 0 0.000000
000072 0 0 0 0.000000
000073 0 0 0 0.000000
000074 0 0 0 0.000000
000075 0 0 0 0.000000
000076 0 0 0 0.000000
000077 0 0 0 0.000000
000078 0 0 0 0.000000
000079 0 0 0 0.000000
000080 0 0 0 0.000000
000081 0 0 0 0.000000
000082 0 0 0 0.000000
000083 0 0 0 0.000000
000084 0 0 0 0.000000
000085 0 0 0 0.000000
000086 0 0 0 0.000000
000087 0 0 0 0.000000
000088 0 0 0 0.000000
000089 0 0 0 0.000000
000090 0 0 0 0.000000
000091 0 0 0 0.000000
000092 0 0 0 0.000000
000093 0 0 0 0.000000
000094 0 0 0 0.000000
000095 0 0 0 0.000000
000096 0 0 0 0.000000
000097 0 0 0 0.000000
000098 0 0 0 0.000000
000099 0 0 0 0.000000
000100 0 0 0 0.000000
000101 0 0 0 0.000000
000102 0 0 0 0.000000
000103 0 0 0 0.000000
000104 0 0 0 0.000000
000105 0 0 0 0.000000
000106 0 0 0 0.000000
000107 0 0 0 0.000000
000108 0 0 0 0.000000
000109 0 0 0 0.000000
000110 0 0 0 0.000000
000111 0 0 0 0.000000
000112 0 0 0 0.000000
000113 0 0 0 0.000000
000114 0 0 0 0.000000
000115 0 0 0 0.000000
000116 0 0 0 0.000000
000117 0 0 0 0.000000
000118 0 0 0 0.000000
000119 0 0 0 0.000000
000120 0 0 0 0.000000
000121 1 0 0 0.000000
000122 1 0 0 0.000000
000123 1 0 0 0.000000
000124 1 0 0 0.000000
000125 1 0 0 0.000000
000126 1 0 0 0.000000
000127 1 0 0 0.000000
000128 1 0 0 0.000000
000129 1 0 0 0.000000
000130 1 0 0 0.000000
000131 1 0 0 0.000000
000132 1 0 0 0.000000
000133 1 0 0 0.000000
000134 1 0 0 0.000000
000135 1 0 0 0.000000
000136 1 0 0 0.000000
000137 1 0 0 0.000000
000138 1 0 0 0.000000
000139 1 0 0 0.000000
000140 1 0 0 0.000000
000141 1 0 0 0.000000
000142 1 0 0 0.000000
000143 1 0 0 0.000000
000144 1 0 0 0.000000
000145 1 0 0 0.000000
000146 1 0 0 0.000000
000147 1 0 0 0.000000
000148 1 0 0 0.000000
000149 1 0 0 0.000000
000150 1 0 0 0.000000
000151 1 0 0 0.000000
000152 1 0 0 0.000000
000153 1 0 0 0.000000
000154 1 0 0 0.000000
000155 1 0 0 0.000000
000156 1 0 0 0.000000
000157 1 0 0 0.000000
000158 1 0 0 0.000000
000159 1 0 0 0.000000
000160 1 0 0 0.000000
000161 1 0 0 0.000000
000162 1 0 0 0.000000
000163 1 0 0 0.000000
000164 1 0 0 0.000000
000165 1 0 0 0.000000
000166 1 0 0 0.000000
000167 1 0 0 0.000000
000168 1 0 0 0.000000
000169 1 0 0 0.000000
000170 1 0 0 0.000000
000171 1 0 0 0.000000
000172 1 0 0 0.000000
000173 1 0 0 0.000000
000174 1 0 0 0.000000
000175 1 0 0 0.000000
000176 1 0 0 0.000000
000177 1 0 0 0.000000
000178 1 0 0 0.000000
000179 1 0 0 0.000000
000180 1 0 0 0.000000
000181 1 0 0 0.000000
000182 1 0 0 0.000000
000183 1 0 0 0.000000
000184 1 0 0 0.000000
000185 1 0 0 0.000000
000186 1 0 0 0.000000
000187 1 1 0 0.377339
000188 1 0 0 0.000000
000189 1 1 0 0.397874
000190 1 1 0 0.376169
000191 1 1 0 0.367143
000192 1 1 0 0.396239
000193 1 1 0 0.398366
000194 1 1 0 0.354330
000195 1 1 0 0.468692
000196 1 0 0 0.000000
000197 1 0 0 0.000000
000198 1 0 0 0.000000
000199 1 0 0 0.000000
000200 1 0 0 0.000000
000201 1 1 0 0.390017
000202 1 1 0 0.352180
000203 1 1 0 0.345868
000204 1 1 0 0.353295
000205 1 1 0 0.347309
000206 1 1 0 0.338692
000207 1 1 0 0.334096
000208 1 1 0 0.331279
000209 1 1 0 0.347792
000210 1 0 0 0.000000
000211 1 1 0 0.766090
000212 1 1 0 0.643909
000213 1 1 0 0.621541
000214 1 1 0 0.623593
000215 1 1 0 0.631645
000216 1 1 0 0.635819
000217 1 1 0 0.633298
000218 1 1 0 0.612273
000219 1 1 0 0.578426
000220 1 1 0 0.610628
000221 1 1 0 0.646354
000222 1 1 0 0.726850
000223 1 1 0 0.741427
000224 1 1 0 0.662804
000225 1 1 0 0.974850
000226 1 1 0 0.944264
000227 1 1 0 0.944519
000228 1 1 0 0.925337
000229 1 1 0 0.951611
000230 1 1 0 0.796580
000231 1 1 0 0.917686
000232 1 1 0 0.870541
000233 1 1 0 0.898134
000234 1 1 0 0.914235
000235 1 1 0 0.942271
000236 1 1 0 0.917756
000237 1 1 0 0.963161
000238 1 1 0 0.965256
000239 1 1 0 0.927297
000240 1 0 0 0.000000
000241 1 1 0 0.983090
000242 1 0 0 0.000000
000243 1 0 0 0.000000
000244 1 1 0 0.983531
000245 1 0 0 0.000000
000246 1 0 0 0.000000
000247 1 1 0 0.834800
000248 1 0 0 0.000000
000249 1 0 0 0.000000
000250 1 0 0 0.000000
000251 1 0 0 0.000000
000252 1 0 0 0.000000
000253 1 0 0 0.000000
000254 1 1 0 0.916662
000255 1 1 0 0.858776
000256 1 1 0 0.951761
000257 1 1 0 0.842967
000258 1 1 0 0.850924
000259 1 1 0 0.929418
000260 1 1 0 0.954039
000261 1 1 0 0.921251
000262 1 1 0 0.929718
000263 1 0 0 0.000000
000264 1 0 0 0.000000
000265 1 0 0 0.000000
000266 1 1 0 0.822014
000267 1 1 0 0.897132
000268 1 1 0 0.881290
000269 1 1 0 0.878844
000270 1 1 0 0.886355
000271 1 1 0 0.905404
000272 1 1 0 0.881784
000273 1 1 0 0.910162
000274 1 1 0 0.926705
000275 1 1 0 0.900137
000276 1 1 0 0.927202
000277 1 1 0 0.954258
000278 1 1 0 0.947809
000279 1 1 0 0.951370
000280 1 1 0 0.906282
000281 1 2 0 0.763728
000282 1 1 0 1.003115
000283 1 1 0 0.845151
000284 1 0 0 0.000000
000285 1 1 0 0.965723
000286 1 0 0 0.000000
000287 1 0 0 0.000000
000288 1 1 0 0.742214
000289 1 1 0 0.944829
000290 1 0 0 0.000000
000291 1 1 0 0.918311
000292 1 1 0 0.880331
000293 1 1 0 0.898733
000294 1 1 0 0.878530
000295 1 1 0 0.902719
000296 1 1 0 0.902719
000297 1 1 0 0.908354
000298 1 1 0 0.875108
000299 1 1 0 0.913994
000300 1 1 0 0.899798
000301 1 1 0 0.889309
000302 1 1 0 0.899779
000303 1 1 0 0.909059
000304 1 1 0 0.895600
000305 1 1 0 0.923678
000306 1 1 0 0.914125
000307 1 1 0 0.914125
000308 1 1 0 0.925020
000309 1 1 0 0.883388
000310 1 1 0 0.904768
000311 1 1 0 0.859302
000312 1 1 0 0.914905
000313 1 1 0 0.914905
000314 1 1 0 0.897817
000315 1 1 0 0.902087
000316 1 1 0 0.895452
000317 1 1 0 0.872170
000318 1 1 0 0.865898
000319 1 1 0 0.906663
000320 1 1 0 0.912475
000321 1 1 0 0.903521
000322 1 1 0 0.856166
000323 1 1 0 0.897369
000324 1 1 0 0.889637
000325 1 1 0 0.889637
000326 1 1 0 0.848032
000327 1 1 0 0.880784
000328 1 1 0 0.903720
000329 1 1 0 0.893796
000330 1 1 0 0.905411
000331 1 1 0 0.903720
000332 1 1 0 0.860302
000333 1 1 0 0.903720
000334 1 1 0 0.922736
000335 1 1 0 0.861391
000336 1 1 0 0.949485
000337 1 1 0 0.920093
000338 1 1 0 0.909286
000339 1 1 0 0.882483
000340 1 1 0 0.892125
000341 1 1 0 0.957457
000342 1 1 0 0.927916
000343 1 1 0 0.917190
000344 1 1 0 0.961493
000345 1 1 0 0.929584
000346 1 1 0 0.893718
000347 1 1 0 0.958007
000348 1 1 0 0.863770
000349 1 1 0 0.927916
000350 1 1 0 0.863770
000351 1 1 0 0.932982
000352 1 1 0 0.866191
000353 1 1 0 0.908797
000354 1 1 0 0.857928
000355 1 1 0 0.890824
000356 1 1 0 0.920183
000357 1 1 0 0.927910
000358 1 1 0 0.879630
000359 1 1 0 0.899581
000360 1 1 0 0.917993
000361 1 1 0 0.860879
000362 1 1 0 0.896429
000363 1 1 0 0.900413
000364 1 0 0 0.000000
000365 1 0 0 0.000000
000366 1 0 0 0.000000
000367 1 1 0 0.910229
000368 1 1 0 0.904059
000369 1 1 0 0.802119
000370 1 1 0 0.893914
000371 1 1 0 0.928802
000372 1 1 0 0.954285
000373 1 1 0 0.882747
000374 1 1 0 0.910590
000375 1 1 0 0.945234
000376 1 1 0 0.898374
000377 1 1 0 0.900289
000378 1 1 0 0.896676
000379 1 1 0 0.945173
000380 1 1 0 0.935829
000381 1 1 0 0.923288
000382 1 1 0 0.910637
000383 1 1 0 0.930149
000384 1 1 0 0.938215
000385 1 1 0 0.913245
000386 1 1 0 0.898328
000387 1 1 0 0.917294
000388 1 1 0 0.923288
000389 1 1 0 0.945173
000390 1 1 0 0.938215
000391 1 1 0 0.938215
000392 1 1 0 0.910637
000393 1 1 0 0.883833
000394 1 1 0 0.908376
000395 1 1 0 0.884052
000396 1 1 0 0.884052
000397 1 1 0 0.860951
000398 1 1 0 0.860951
000399 1 1 0 0.847148
000400 1 1 0 0.891938
000401 1 1 0 0.955626
000402 1 1 0 0.840551
000403 1 1 0 0.846671
000404 1 1 0 0.888731
000405 1 1 0 0.778610
000406 1 1 0 0.902021
000407 1 0 0 0.000000
000408 1 1 0 0.890924
000409 1 0 0 0.000000
000410 1 1 0 0.847149
000411 1 1 0 0.898454
000412 1 1 0 0.927678
000413 1 1 0 0.931224
000414 1 1 0 0.918122
000415 1 1 0 0.903700
000416 1 1 0 0.860671
000417 1 1 0 0.969456
000418 1 1 0 0.986830
000419 1 1 0 0.990356
000420 1 1 0 0.922518
000421 1 1 0 0.969344
000422 1 1 0 0.922519
000423 1 1 0 0.915243
000424 1 1 0 0.929547
000425 1 1 0 0.857571
000426 1 1 0 0.857571
000427 1 1 0 0.884666
000428 1 1 0 0.810981
000429 1 1 0 0.916654
000430 1 1 0 0.930969
000431 1 1 0 0.885232
000432 1 1 0 0.880294
000433 1 1 0 0.866427
000434 1 1 0 0.939489
000435 1 1 0 0.850674
000436 1 1 0 0.796770
000437 1 0 0 0.000000
000438 1 0 0 0.000000
000439 1 1 0 0.805304
000440 1 1 0 0.951721
000441 1 0 0 0.000000
000442 1 1 0 0.942543
000443 1 0 0 0.000000
000444 1 1 0 0.935943
000445 1 0 0 0.000000
000446 1 0 0 0.000000
000447 1 0 0 0.000000
000448 1 0 0 0.000000
000449 1 0 0 0.000000
000450 1 0 0 0.000000
000451 1 0 0 0.000000
000452 1 0 0 0.000000
000453 1 0 0 0.000000
000454 1 1 0 0.908914
000455 1 1 0 0.902491
000456 1 1 0 0.870035
000457 1 1 0 0.811874
000458 1 1 0 0.820153
000459 1 0 0 0.000000
000460 1 1 0 0.923303
000461 1 1 0 0.919957
000462 1 1 0 0.916498
000463 1 0 0 0.000000
000464 1 0 0 0.000000
000465 1 0 0 0.000000
000466 1 0 0 0.000000
000467 1 1 0 1.007733
000468 1 1 0 0.952283
000469 1 0 0 0.000000
000470 1 0 0 0.000000
000471 1 0 0 0.000000
000472 1 0 0 0.000000
000473 1 1 0 0.855619
000474 1 0 0 0.000000
000475 1 1 0 0.876332
000476 1 0 0 0.000000
000477 1 0 0 0.000000
000478 1 1 0 0.925260
000479 1 0 0 0.000000
000480 1 0 0 0.000000
000481 1 0 0 0.000000
000482 1 0 0 0.000000
000483 1 0 0 0.000000
000484 1 0 0 0.000000
000485 1 0 0 0.000000
000486 1 0 0 0.000000
000487 1 0 0 0.000000
000488 1 0 0 0.000000
000489 1 1 0 0.812460
000490 1 1 0 0.915324
000491 1 0 0 0.000000
000492 1 1 0 0.846161
000493 1 1 0 0.853652
000494 1 1 0 0.781245
000495 1 0 0 0.000000
000496 1 0 0 0.000000
000497 1 0 0 0.000000
000498 1 0 0 0.000000
000499 1 1 0 0.813840
000500 1 1 0 0.794807
000501 1 1 0 0.736137
000502 1 1 0 0.860927
000503 1 0 0 0.000000
000504 1 0 0 0.000000
000505 1 0 0 0.000000
000506 1 0 0 0.000000
000507 1 0 0 0.000000
000508 1 0 0 0.000000
000509 1 0 0 0.000000
000510 1 0 0 0.000000
000511 1 1 0 0.830088
000512 1 1 0 0.847757
000513 1 1 0 0.918564
000514 1 0 0 0.000000
000515 1 0 0 0.000000
000516 1 1 0 0.797369
000517 1 0 0 0.000000
000518 1 1 0 0.830088
000519 1 1 0 0.933965
000520 1 0 0 0.000000
000521 1 0 0 0.000000
000522 1 0 0 0.000000
000523 1 0 0 0.000000
000524 1 0 0 0.000000
000525 1 0 0 0.000000
000526 1 0 0 0.000000
000527 1 0 0 0.000000
000528 1 0 0 0.000000
000529 1 0 0 0.000000
000530 1 0 0 0.000000
000531 1 0 0 0.000000
000532 1 0 0 0.000000
000533 1 0 0 0.000000
000534 1 0 0 0.000000
000535 1 0 0 0.000000
000536 1 0 0 0.000000
000537 1 0 0 0.000000
000538 1 0 0 0.000000
000539 1 0 0 0.000000
000540 1 0 0 0.000000
000541 1 0 0 0.000000
000542 1 1 0 0.827039
000543 1 0 0 0.000000
000544 1 0 0 0.000000
000545 1 1 0 0.828080
000546 1 0 0 0.000000
000547 1 0 0 0.000000
000548 1 1 0 0.805911
000549 1 1 0 0.848217
000550 1 1 0 0.757607
000551 1 1 0 0.881360
000552 1 1 0 0.899181
000553 1 1 0 0.827039
000554 1 1 0 0.805911
000555 1 1 0 0.827039
000556 1 1 0 0.921686
000557 1 1 0 0.881360
000558 1 1 0 0.903398
000559 1 1 0 0.944245
000560 1 1 0 0.881360
000561 1 0 0 0.000000
000562 1 1 0 0.827039
000563 1 1 0 0.921686
000564 1 0 0 0.000000
000565 1 1 0 0.827039
000566 1 0 0 0.000000
000567 1 0 0 0.000000
000568 1 0 0 0.000000
000569 1 0 0 0.000000
000570 1 1 0 0.827039
000571 1 1 0 0.805911
000572 1 1 0 0.805911
000573 1 0 0 0.000000
000574 1 1 0 0.827039
000575 1 0 0 0.000000
000576 1 0 0 0.000000
000577 1 1 0 0.827039
000578 1 0 0 0.000000
000579 1 0 0 0.000000
000580 1 1 0 0.827039
000581 1 1 0 0.827039
000582 1 0 0 0.000000
000583 1 0 0 0.000000
000584 1 0 0 0.000000
000585 1 1 0 0.881360
000586 1 0 0 0.000000
000587 1 1 0 0.881360
000588 1 1 0 0.881360
000589 1 1 0 0.808822
000590 1 0 0 0.000000
000591 1 0 0 0.000000
000592 1 0 0 0.000000
000593 1 0 0 0.000000
000594 1 1 0 0.784833
000595 1 0 0 0.000000
000596 1 0 0 0.000000
000597 1 1 0 0.842692
000598 1 1 0 0.827039
000599 1 1 0 0.718027
000600 1 1 0 0.805911
000601 1 1 0 0.827039
000602 1 1 0 0.805911
000603 1 1 0 0.757607
000604 1 1 0 0.805911
000605 1 1 0 0.827039
000606 1 1 0 0.805911
000607 1 1 0 0.827039
000608 1 1 0 0.784833
000609 1 1 0 0.737793
000610 1 1 0 0.737793
000611 1 1 0 0.805911
000612 1 1 0 0.718027
000613 1 1 0 0.718027
000614 1 0 0 0.000000
000615 1 1 0 0.737793
000616 1 1 0 0.737793
000617 1 1 0 0.737793
000618 1 0 0 0.000000
000619 1 1 0 0.737793
000620 1 0 0 0.000000
000621 1 1 0 0.718027
000622 1 0 0 0.000000
000623 1 1 0 0.737793
000624 1 1 0 0.718027
000625 1 0 0 0.000000
000626 1 1 0 0.718027
000627 1 0 0 0.000000
000628 1 1 0 0.698306
000629 1 1 0 0.617091
000630 1 0 0 0.000000
000631 1 1 0 0.575276
000632 1 1 0 0.575276
000633 1 1 0 0.617091
000634 1 1 0 0.635470
000635 1 1 0 0.635470
000636 1 1 0 0.635470
000637 1 0 0 0.000000
000638 1 1 0 0.617091
000639 1 1 0 0.653891
000640 1 1 0 0.635470
000641 1 1 0 0.653891
000642 1 0 0 0.000000
000643 1 1 0 0.718027
000644 1 1 0 0.653891
000645 1 1 0 0.653891
000646 1 1 0 0.653891
000647 1 1 0 0.718027
000648 1 1 0 0.718027
000649 1 0 0 0.000000
000650 1 0 0 0.000000
000651 1 1 0 0.737793
000652 1 1 0 0.653891
000653 1 0 0 0.000000
000654 1 0 0 0.000000
000655 1 1 0 0.635470
000656 1 0 0 0.000000
000657 1 1 0 0.653891
000658 1 1 0 0.653891
000659 1 1 0 0.653891
000660 1 1 0 0.617091
000661 1 1 0 0.617091
000662 1 0 0 0.000000
000663 1 1 0 0.598757
000664 1 1 0 0.617091
000665 1 0 0 0.000000
000666 1 0 0 0.000000
000667 1 0 0 0.000000
000668 1 0 0 0.000000
000669 1 1 0 0.617091
000670 1 0 0 0.000000
000671 1 0 0 0.000000
000672 1 1 0 0.541132
000673 1 0 0 0.000000
000674 1 0 0 0.000000
000675 1 0 0 0.000000
000676 1 0 0 0.000000
000677 1 0 0 0.000000
000678 1 1 0 0.541132
000679 1 1 0 0.617091
000680 1 1 0 0.617091
000681 1 0 0 0.000000
000682 1 1 0 0.617091
000683 1 0 0 0.000000
000684 1 1 0 0.617091
000685 1 0 0 0.000000
000686 1 1 0 0.635470
000687 1 1 0 0.617091
000688 1 1 0 0.617091
000689 1 1 0 0.617091
000690 1 1 0 0.617091
000691 1 1 0 0.617091
000692 1 1 0 0.617091
000693 1 1 0 0.617091
000694 1 1 0 0.617091
000695 1 1 0 0.617091
000696 1 1 0 0.635470
000697 1 0 0 0.000000
000698 1 0 0 0.000000
000699 1 0 0 0.000000
000700 1 0 0 0.000000
000701 1 0 0 0.000000
000702 1 0 0 0.000000
000703 1 0 0 0.000000
000704 1 0 0 0.000000
000705 1 0 0 0.000000
000706 1 0 0 0.000000
000707 1 1 0 0.617091
000708 1 1 0 0.617091
000709 1 0 0 0.000000
000710 1 0 0 0.000000
000711 1 0 0 0.000000
000712 1 0 0 0.000000
000713 1 0 0 0.000000
000714 1 0 0 0.000000
000715 1 0 0 0.000000
000716 1 0 0 0.000000
000717 1 0 0 0.000000
000718 1 1 0 0.635470
000719 1 1 0 0.617091
000720 1 0 0 0.000000
000721 1 1 0 0.575276
000722 1 1 0 0.575276
000723 1 0 0 0.000000
000724 1 0 0 0.000000
000725 1 1 0 0.558184
000726 1 1 0 0.558184
000727 1 1 0 0.558184
000728 1 1 0 0.617091
000729 1 1 0 0.558184
000730 1 1 0 0.558184
000731 1 1 0 0.558184
000732 1 1 0 0.617091
000733 1 1 0 0.558184
000734 1 1 0 0.541132
000735 1 1 0 0.617091
000736 1 1 0 0.617091
000737 1 1 0 0.635470
000738 1 1 0 0.617091
000739 1 1 0 0.653891
000740 1 1 0 0.635470
000741 1 1 0 0.635470
000742 1 1 0 0.617091
000743 1 1 0 0.617091
000744 1 1 0 0.558184
000745 1 1 0 0.617091
000746 1 1 0 0.635470
000747 1 1 0 0.617091
000748 1 1 0 0.635470
000749 1 1 0 0.558184
000750 1 1 0 0.617091
000751 1 1 0 0.617091
000752 1 0 0 0.000000
000753 1 0 0 0.000000
000754 1 0 0 0.000000
000755 1 1 0 0.635470
000756 1 0 0 0.000000
000757 1 1 0 0.541132
000758 1 0 0 0.000000
000759 1 0 0 0.000000
000760 1 0 0 0.000000
000761 1 1 0 0.653891
000762 1 1 0 0.617091
000763 1 1 0 0.617091
000764 1 1 0 0.617091
000765 1 1 0 0.617091
000766 1 1 0 0.617091
000767 1 0 0 0.000000
000768 1 0 0 0.000000
000769 1 0 0 0.000000
000770 1 0 0 0.000000
000771 1 1 0 0.635470
000772 1 0 0 0.000000
000773 1 1 0 0.635470
000774 1 1 0 0.737793
000775 1 1 0 0.635470
000776 1 0 0 0.000000
000777 1 1 0 0.617091
000778 1 1 0 0.575276
000779 1 1 0 0.575276
000780 1 1 0 0.635470
000781 1 1 0 0.635470
000782 1 1 0 0.635470
000783 1 1 0 0.558184
000784 1 1 0 0.617091
000785 1 1 0 0.635470
000786 1 1 0 0.541132
000787 1 1 0 0.635470
000788 1 1 0 0.558184
000789 1 0 0 0.000000
000790 1 1 0 0.575276
000791 1 1 0 0.635470
000792 1 1 0 0.653891
000793 1 1 0 0.617091
000794 1 1 0 0.617091
000795 1 1 0 0.635470
000796 1 0 0 0.000000
000797 1 1 0 0.541132
000798 1 0 0 0.000000
000799 1 0 0 0.000000
000800 1 0 0 0.000000
000801 1 0 0 0.000000
000802 1 0 0 0.000000
000803 1 0 0 0.000000
000804 1 0 0 0.000000
000805 1 0 0 0.000000
000806 1 0 0 0.000000
000807 1 0 0 0.000000
000808 1 0 0 0.000000
000809 1 0 0 0.000000
000810 1 0 0 0.000000
000811 1 0 0 0.000000
000812 1 0 0 0.000000
000813 1 0 0 0.000000
000814 1 0 0 0.000000
000815 1 0 0 0.000000
000816 1 0 0 0.000000
000817 1 0 0 0.000000
000818 1 1 0 0.486115
000819 1 0 0 0.000000
000820 1 1 0 0.541132
000821 1 1 0 0.541132
000822 1 1 0 0.541132
000823 1 0 0 0.000000
000824 1 0 0 0.000000
000825 1 0 0 0.000000
000826 1 0 0 0.000000
000827 1 0 0 0.000000
000828 1 0 0 0.000000
000829 1 1 0 0.653891
000830 1 0 0 0.000000
000831 1 0 0 0.000000
000832 1 0 0 0.000000
000833 1 0 0 0.000000
000834 1 0 0 0.000000
000835 1 0 0 0.000000
000836 1 1 0 0.718027
000837 1 0 0 0.000000
000838 1 0 0 0.000000
000839 1 1 0 0.698306
000840 1 1 0 0.653891
000841 1 0 0 0.000000
000842 1 1 0 0.698306
000843 1 1 0 0.558184
000844 1 1 0 0.558184
000845 1 0 0 0.000000
000846 1 0 0 0.000000
000847 1 0 0 0.000000
000848 1 0 0 0.000000
000849 1 0 0 0.000000
000850 1 0 0 0.000000
000851 1 0 0 0.000000
000852 1 0 0 0.000000
000853 1 0 0 0.000000
000854 1 0 0 0.000000
000855 1 0 0 0.000000
000856 1 1 0 0.698306
000857 1 1 0 0.718027
000858 1 0 0 0.000000
000859 1 0 0 0.000000
000860 1 0 0 0.000000
000861 1 0 0 0.000000
000862 1 0 0 0.000000
000863 1 0 0 0.000000
000864 1 0 0 0.000000
000865 1 0 0 0.000000
000866 1 0 0 0.000000
000867 1 0 0 0.000000
000868 1 0 0 0.000000
000869 1 0 0 0.000000
000870 1 0 0 0.000000
000871 1 0 0 0.000000
000872 1 0 0 0.000000
000873 1 0 0 0.000000
000874 1 0 0 0.000000
000875 1 0 0 0.000000
000876 1 0 0 0.000000
000877 1 0 0 0.000000
000878 1 0 0 0.000000
000879 1 0 0 0.000000
000880 1 0 0 0.000000
000881 1 0 0 0.000000
000882 1 0 0 0.000000
000883 1 0 0 0.000000
000884 1 0 0 0.000000
000885 1 0 0 0.000000
000886 1 0 0 0.000000
000887 1 0 0 0.000000
000888 1 0 0 0.000000
000889 1 0 0 0.000000
000890 1 0 0 0.000000
000891 1 0 0 0.000000
000892 1 0 0 0.000000
000893 1 0 0 0.000000
000894 1 0 0 0.000000
000895 1 0 0 0.000000
000896 1 0 0 0.000000
000897 1 1 0 0.746440
000898 1 1 0 0.864232
000899 1 1 0 0.915134
000900 1 1 0 0.875225
000901 1 1 0 0.778825
000902 1 1 0 0.760282
000903 1 1 0 0.778825
000904 1 1 0 0.812434
000905 1 1 0 0.842692
000906 1 1 0 0.921686
000907 1 1 0 0.881360
000908 1 1 0 0.881360
000909 1 1 0 0.864232
000910 1 0 0 0.000000
000911 1 1 0 0.869446
000912 1 0 0 0.000000
000913 1 0 0 0.000000
000914 1 0 0 0.000000
000915 1 0 0 0.000000
000916 1 0 0 0.000000
000917 1 0 0 0.000000
000918 1 1 0 0.827039
000919 1 0 0 0.000000
000920 1 1 0 0.921686
000921 1 0 0 0.000000
000922 1 0 0 0.000000
000923 1 0 0 0.000000
000924 1 1 0 0.805911
000925 1 1 0 0.827039
000926 1 0 0 0.000000
000927 1 0 0 0.000000
000928 1 0 0 0.000000
000929 1 1 0 0.805581
000930 1 0 0 0.000000
000931 1 0 0 0.000000
000932 1 1 0 0.752134
000933 1 0 0 0.000000
000934 1 0 0 0.000000
000935 1 0 0 0.000000
000936 1 0 0 0.000000
000937 1 1 0 0.793540
000938 1 1 0 0.778825
000939 1 1 0 0.846366
000940 1 0 0 0.000000
000941 1 1 0 0.846366
000942 1 1 0 0.811520
000943 1 1 0 0.774182
000944 1 1 0 0.821299
000945 1 0 0 0.000000
000946 1 0 0 0.000000
000947 1 0 0 0.000000
000948 1 0 0 0.000000
000949 1 0 0 0.000000
000950 1 0 0 0.000000
000951 1 1 0 0.932003
000952 1 1 0 0.979645
000953 1 0 0 0.000000
000954 1 1 0 0.932003
000955 1 0 0 0.000000
000956 1 0 0 0.000000
000957 1 0 0 0.000000
000958 1 0 0 0.000000
000959 1 0 0 0.000000
000960 1 0 0 0.000000
000961 1 0 0 0.000000
000962 1 0 0 0.000000
000963 1 0 0 0.000000
000964 1 0 0 0.000000
000965 1 0 0 0.000000
000966 1 0 0 0.000000
000967 1 0 0 0.000000
000968 1 0 0 0.000000
000969 1 0 0 0.000000
000970 1 1 0 0.714953
000971 1 1 0 0.712861
000972 1 1 0 0.729212
000973 1 1 1 0.451423
000974 1 1 0 0.785888
000975 1 0 1 0.166168
000976 1 0 1 0.164122
000977 1 0 1 0.166168
000978 1 1 0 0.733372
000979 1 0 0 0.000000
000980 1 1 0 0.760852
000981 1 1 0 0.882579
000982 1 1 0 0.792570
000983 1 1 0 0.841664
000984 1 1 0 0.913495
000985 1 1 1 0.525326
000986 1 1 0 0.787248
000987 1 1 0 0.939000
000988 1 1 0 0.772557
000989 1 1 0 0.966946
000990 1 1 0 0.808573
000991 1 1 0 0.808796
000992 1 1 0 0.743279
000993 1 1 0 0.730823
000994 1 1 0 0.791394
000995 1 0 0 0.000000
000996 1 0 0 0.000000
000997 1 0 0 0.000000
000998 1 0 0 0.000000
000999 1 0 0 0.000000
001000 1 0 0 0.000000
001001 1 0 0 0.000000
001002 1 0 0 0.000000
001003 1 1 0 0.893636
001004 1 1 0 0.788746
001005 1 1 0 0.882579
001006 1 1 0 0.893636
001007 1 0 0 0.000000
001008 1 0 0 0.000000
001009 1 0 0 0.000000
001010 1 0 0 0.000000
001011 1 0 0 0.000000
001012 1 1 0 0.787882
001013 1 0 0 0.000000
001014 1 1 0 0.715950
001015 1 0 0 0.000000
001016 1 0 0 0.000000
001017 1 0 0 0.000000
001018 1 0 0 0.000000
001019 1 0 0 0.000000
001020 1 0 0 0.000000
001021 1 0 0 0.000000
001022 1 0 0 0.000000
001023 1 0 0 0.000000
001024 1 0 0 0.000000
001025 1 0 0 0.000000
001026 1 0 0 0.000000
001027 1 0 0 0.000000
001028 1 0 0 0.000000
001029 1 1 0 0.818366
001030 1 1 0 0.808573
001031 1 0 0 0.000000
001032 1 0 0 0.000000
001033 1 0 0 0.000000
001034 1 0 0 0.000000
001035 1 0 0 0.000000
001036 1 0 0 0.000000
001037 1 0 0 0.000000
001038 1 0 0 0.000000
001039 1 1 0 0.625965
001040 1 1 0 0.729617
001041 1 0 0 0.000000
001042 1 0 0 0.000000
001043 1 0 0 0.000000
001044 1 0 0 0.000000
001045 1 1 0 0.663411
001046 1 0 0 0.000000
001047 1 1 0 0.852047
001048 1 0 0 0.000000
001049 1 1 0 0.720879
001050 1 1 0 0.493311
001051 1 0 0 0.000000
001052 1 0 0 0.000000
001053 1 0 0 0.000000
001054 1 1 0 0.720879
001055 1 0 0 0.000000
001056 1 0 0 0.000000
001057 1 1 0 0.497986
001058 1 1 0 0.489643
001059 1 0 0 0.000000
001060 1 1 0 0.615811
001061 1 0 0 0.000000
001062 1 1 0 0.526296
001063 1 1 0 0.607167
001064 1 1 0 0.617239
001065 1 1 0 0.716898
001066 1 1 0 0.660221
001067 1 1 0 0.612472
001068 1 1 0 0.671541
001069 1 1 0 0.729617
001070 1 1 0 0.625965
001071 1 1 0 0.622613
001072 1 1 0 0.622613
001073 1 1 0 0.683875
001074 1 1 0 0.683256
001075 1 1 0 0.660221
001076 1 1 0 0.622613
001077 1 1 0 0.660221
001078 1 1 0 0.660221
001079 1 0 0 0.000000
001080 1 0 0 0.000000
001081 1 0 0 0.000000
001082 1 0 0 0.000000
001083 1 1 0 0.523454
001084 1 1 0 0.569778
001085 1 0 0 0.000000
001086 1 1 0 0.612472
001087 1 1 0 0.539682
001088 1 1 0 0.605981
001089 1 1 0 0.540612
001090 1 0 0 0.000000
001091 1 0 0 0.000000
001092 1 1 0 0.489643
001093 1 0 0 0.000000
001094 1 1 0 0.663411
001095 1 0 0 0.000000
001096 1 0 0 0.000000
001097 1 0 0 0.000000
001098 1 0 0 0.000000
001099 1 1 0 0.523454
001100 1 0 0 0.000000
001101 1 0 0 0.000000
001102 1 0 0 0.000000
001103 1 0 0 0.000000
001104 1 0 0 0.000000
001105 1 0 0 0.000000
001106 1 0 0 0.000000
001107 1 0 0 0.000000
001108 1 0 0 0.000000
001109 1 0 0 0.000000
001110 1 0 0 0.000000
001111 1 0 0 0.000000
001112 1 0 0 0.000000
001113 1 0 0 0.000000
001114 1 0 0 0.000000
001115 1 0 0 0.000000
001116 1 0 0 0.000000
001117 1 0 0 0.000000
001118 1 0 0 0.000000
001119 1 0 0 0.000000
001120 1 0 0 0.000000
001121 1 0 0 0.000000
001122 1 0 0 0.000000
001123 1 0 0 0.000000
001124 1 0 0 0.000000
001125 1 0 0 0.000000
001126 1 0 0 0.000000
001127 1 0 0 0.000000
001128 1 0 0 0.000000
001129 1 1 0 0.400551
001130 1 1 0 0.400551
001131 1 1 0 0.456360
001132 1 1 0 0.452627
001133 1 1 0 0.419687
001134 1 1 0 0.419687
001135 1 1 0 0.452627
001136 1 1 0 0.419687
001137 1 1 0 0.429174
001138 1 1 0 0.438403
001139 1 1 0 0.462779
001140 1 1 0 0.462779
001141 1 0 0 0.000000
001142 1 0 0 0.000000
001143 1 0 0 0.000000
001144 1 0 0 0.000000
001145 1 1 0 0.405913
001146 1 0 0 0.000000
001147 1 0 0 0.000000
001148 1 0 0 0.000000
001149 1 0 0 0.000000
001150 1 0 0 0.000000
001151 1 0 0 0.000000
001152 1 0 0 0.000000
001153 1 0 0 0.000000
001154 1 2 0 0.487616
001155 1 1 0 0.544345
001156 1 1 0 0.496890
001157 1 0 0 0.000000
001158 1 0 0 0.000000
001159 1 0 0 0.000000
001160 1 0 0 0.000000
001161 1 0 0 0.000000
001162 1 0 0 0.000000
001163 1 1 0 0.344100
001164 1 0 0 0.000000
001165 1 0 0 0.000000
001166 1 0 0 0.000000
001167 1 1 0 0.333698
001168 1 0 1 0.297579
001169 1 1 0 0.344100
001170 1 1 0 0.329852
001171 1 0 1 0.293772
001172 1 0 1 0.293772
001173 1 1 0 0.329795
001174 1 1 0 0.333698
001175 1 1 0 0.316674
001176 1 0 1 0.237388
001177 1 1 0 0.667093
001178 1 1 0 0.739296
001179 1 1 0 0.615376
001180 1 1 0 0.786320
001181 1 1 0 0.609373
001182 1 1 0 0.546083
001183 1 1 0 0.572443
001184 1 1 0 0.609373
001185 1 0 0 0.000000
001186 1 0 0 0.000000
001187 1 1 0 0.842530
001188 1 1 0 0.623248
001189 1 1 0 0.790979
001190 1 1 0 0.726135
001191 1 0 0 0.000000
001192 1 0 0 0.000000
001193 1 1 0 0.939983
001194 1 0 0 0.000000
001195 1 0 0 0.000000
001196 1 0 0 0.000000
001197 1 0 0 0.000000
001198 1 0 0 0.000000
001199 1 0 0 0.000000
001200 1 0 0 0.000000
001201 1 0 0 0.000000
001202 1 0 0 0.000000
001203 1 1 0 0.855634
001204 1 1 0 0.852719
001205 1 1 0 0.787845
001206 1 1 0 0.780402
001207 1 0 0 0.000000
001208 1 0 0 0.000000
001209 1 0 0 0.000000
001210 1 0 0 0.000000
001211 1 1 0 0.814772
001212 1 1 1 0.568771
001213 1 1 0 0.812648
001214 1 1 0 0.812648
001215 1 1 0 0.816976
001216 1 1 0 0.816976
001217 1 0 0 0.000000
001218 1 0 0 0.000000
001219 1 0 0 0.000000
001220 1 0 0 0.000000
001221 1 0 0 0.000000
001222 1 0 0 0.000000
001223 1 0 0 0.000000
001224 1 0 0 0.000000
001225 1 0 0 0.000000
001226 1 0 0 0.000000
001227 1 0 0 0.000000
001228 1 0 0 0.000000
001229 1 1 0 0.794202
001230 1 0 0 0.000000
001231 1 1 0 0.907679
001232 1 1 0 0.831944
001233 1 0 0 0.000000
001234 1 0 0 0.000000
001235 1 0 0 0.000000
001236 1 0 0 0.000000
001237 1 0 0 0.000000
001238 1 0 0 0.000000
001239 1 0 0 0.000000
001240 1 0 0 0.000000
001241 1 0 0 0.000000
001242 1 0 0 0.000000
001243 1 0 0 0.000000
001244 1 1 0 0.887116
001245 1 0 0 0.000000
001246 1 0 0 0.000000
001247 1 1 0 0.482580
001248 1 0 0 0.000000
001249 1 0 0 0.000000
001250 1 0 0 0.000000
001251 1 1 0 0.338141
001252 1 1 0 0.351416
001253 1 1 0 0.453648
001254 1 1 0 0.425152
001255 1 0 1 0.275956
001256 1 0 0 0.000000
001257 1 0 0 0.000000
001258 1 0 0 0.000000
001259 1 0 0 0.000000
001260 1 0 0 0.000000
001261 1 0 0 0.000000
001262 1 0 0 0.000000
001263 1 0 0 0.000000
001264 1 0 0 0.000000
001265 1 0 0 0.000000
001266 1 0 0 0.000000
001267 1 0 0 0.000000
001268 1 0 0 0.000000
001269 1 0 0 0.000000
001270 1 0 0 0.000000
001271 1 0 0 0.000000
001272 1 0 0 0.000000
001273 1 0 0 0.000000
001274 1 0 0 0.000000
001275 1 0 0 0.000000
001276 1 0 0 0.000000
001277 1 0 0 0.000000
001278 1 0 0 0.000000
001279 1 0 0 0.000000
001280 1 0 0 0.000000
001281 1 0 0 0.000000
001282 1 0 0 0.000000
001283 1 0 0 0.000000
001284 1 0 0 0.000000
001285 1 0 0 0.000000
001286 1 0 0 0.000000
001287 1 0 0 0.000000
001288 1 0 0 0.000000
001289 1 0 0 0.000000
001290 1 0 0 0.000000
001291 1 0 0 0.000000
001292 1 0 0 0.000000
001293 1 0 0 0.000000
001294 1 0 0 0.000000
001295 1 0 0 0.000000
001296 1 0 0 0.000000
001297 1 0 0 0.000000
001298 1 0 0 0.000000
001299 1 0 0 0.000000
001300 1 0 0 0.000000
