000001 0 0 0 0.000000
000002 0 0 0 0.000000
000003 0 0 0 0.000000
000004 0 0 0 0.000000
000005 0 0 0 0.000000
000006 0 0 0 0.000000
000007 0 0 0 0.000000
000008 0 0 0 0.000000
000009 0 0 0 0.000000
000010 0 0 0 0.000000
000011 0 0 0 0.000000
000012 0 0 0 0.000000
000013 0 0 0 0.000000
000014 0 0 0 0.000000
000015 0 0 0 0.000000
000016 0 0 0 0.000000
000017 0 0 0 0.000000
000018 0 0 0 0.000000
000019 0 0 0 0.000000
000020 0 0 0 0.000000
000021 0 0 0 0.000000
000022 0 0 0 0.000000
000023 0 0 0 0.000000
000024 0 0 0 0.000000
000025 0 0 0 0.000000
000026 0 0 0 0.000000
000027 0 0 0 0.000000
000028 0 0 0 0.000000
000029 0 0 0 0.000000
000030 0 0 0 0.000000
000031 0 0 0 0.000000
000032 0 0 0 0.000000
000033 0 0 0 0.000000
000034 0 0 0 0.000000
000035 0 0 0 0.000000
000036 0 0 0 0.000000
000037 0 0 0 0.000000
000038 0 0 0 0.000000
000039 0 0 0 0.000000
000040 0 0 0 0.000000
000041 0 0 0 0.000000
000042 0 0 0 0.000000
000043 0 0 0 0.000000
000044 0 0 0 0.000000
000045 0 0 0 0.000000
000046 0 0 0 0.000000
000047 0 0 1 0.000000
000048 0 0 0 0.000000
000049 0 0 0 0.000000
000050 0 0 0 0.000000
000051 0 0 0 0.000000
000052 0 0 0 0.000000
000053 0 0 0 0.000000
000054 0 0 0 0.000000
000055 0 0 0 0.000000
000056 0 0 0 0.000000
000057 0 0 0 0.000000
000058 0 0 0 0.000000
000059 0 0 0 0.000000
000060 0 0 0 0.000000
000061 0 0 0 0.000000
000062 0 0 0 0.000000
000063 0 0 0 0.000000
000064 0 0 0 0.000000
000065 0 0 0 0.000000
000066 0 0 0 0.000000
000067 0 0 0 0.000000
000068 0 0 1 0.000000
000069 0 0 0 0.000000
000070 0 0 0 0.000000
000071 0 0 0 0.000000
000072 0 0 0 0.000000
000073 0 0 0 0.000000
000074 0 0 0 0.000000
000075 0 0 0 0.000000
000076 0 0 0 0.000000
000077 0 0 0 0.000000
000078 0 0 0 0.000000
000079 0 0 0 0.000000
000080 0 0 0 0.000000
000081 0 0 0 0.000000
000082 0 0 0 0.000000
000083 0 0 0 0.000000
000084 0 0 1 0.000000
000085 0 0 0 0.000000
000086 0 0 0 0.000000
000087 0 0 0 0.000000
000088 0 0 0 0.000000
000089 0 0 0 0.000000
000090 0 0 0 0.000000
000091 0 0 0 0.000000
000092 0 0 0 0.000000
000093 0 0 0 0.000000
000094 0 0 0 0.000000
000095 0 0 0 0.000000
000096 0 0 0 0.000000
000097 0 0 0 0.000000
000098 0 0 0 0.000000
000099 0 0 0 0.000000
000100 0 0 0 0.000000
000101 0 0 0 0.000000
000102 0 0 0 0.000000
000103 0 0 0 0.000000
000104 0 0 0 0.000000
000105 0 0 0 0.000000
000106 0 0 0 0.000000
000107 0 0 0 0.000000
000108 0 0 0 0.000000
000109 0 0 0 0.000000
000110 0 0 0 0.000000
000111 0 0 0 0.000000
000112 0 0 0 0.000000
000113 0 0 0 0.000000
000114 0 0 0 0.000000
000115 0 0 0 0.000000
000116 0 0 0 0.000000
000117 0 0 0 0.000000
000118 0 0 0 0.000000
000119 0 0 0 0.000000
000120 0 0 0 0.000000
000121 0 0 0 0.000000
000122 0 0 0 0.000000
000123 0 0 0 0.000000
000124 0 0 0 0.000000
000125 0 0 0 0.000000
000126 0 0 0 0.000000
000127 0 0 0 0.000000
000128 0 0 0 0.000000
000129 0 0 0 0.000000
000130 0 0 0 0.000000
000131 0 0 0 0.000000
000132 0 0 1 0.000000
000133 0 0 0 0.000000
000134 0 0 0 0.000000
000135 0 0 0 0.000000
000136 0 0 0 0.000000
000137 0 0 0 0.000000
000138 0 0 0 0.000000
000139 0 0 0 0.000000
000140 0 0 0 0.000000
000141 0 0 0 0.000000
000142 0 0 0 0.000000
000143 0 0 0 0.000000
000144 0 0 0 0.000000
000145 0 0 0 0.000000
000146 0 0 0 0.000000
000147 0 0 0 0.000000
000148 0 0 0 0.000000
000149 0 0 0 0.000000
000150 0 0 0 0.000000
000151 0 0 0 0.000000
000152 0 0 0 0.000000
000153 0 0 0 0.000000
000154 0 0 0 0.000000
000155 0 0 0 0.000000
000156 0 0 0 0.000000
000157 0 0 0 0.000000
000158 0 0 0 0.000000
000159 0 0 0 0.000000
000160 0 0 0 0.000000
000161 0 0 0 0.000000
000162 0 0 0 0.000000
000163 0 0 0 0.000000
000164 0 0 0 0.000000
000165 0 0 0 0.000000
000166 0 0 0 0.000000
000167 0 0 0 0.000000
000168 0 0 0 0.000000
000169 0 0 0 0.000000
000170 0 0 0 0.000000
000171 0 0 0 0.000000
000172 0 0 0 0.000000
000173 0 0 0 0.000000
000174 0 0 0 0.000000
000175 0 0 0 0.000000
000176 0 0 0 0.000000
000177 0 0 0 0.000000
000178 0 0 0 0.000000
000179 0 0 0 0.000000
000180 0 0 1 0.000000
000181 1 0 0 0.000000
000182 1 0 0 0.000000
000183 1 0 0 0.000000
000184 1 0 0 0.000000
000185 1 0 0 0.000000
000186 1 0 0 0.000000
000187 1 0 0 0.000000
000188 1 0 0 0.000000
000189 1 0 0 0.000000
000190 1 0 0 0.000000
000191 1 0 0 0.000000
000192 1 0 0 0.000000
000193 1 0 0 0.000000
000194 1 0 0 0.000000
000195 1 0 0 0.000000
000196 1 0 0 0.000000
000197 1 0 0 0.000000
000198 1 0 0 0.000000
000199 1 0 0 0.000000
000200 1 0 0 0.000000
000201 1 0 0 0.000000
000202 1 0 0 0.000000
000203 1 0 0 0.000000
000204 1 0 0 0.000000
000205 1 0 0 0.000000
000206 1 0 0 0.000000
000207 1 0 0 0.000000
000208 1 0 0 0.000000
000209 1 0 0 0.000000
000210 1 0 0 0.000000
000211 1 0 0 0.000000
000212 1 0 0 0.000000
000213 1 0 0 0.000000
000214 1 0 0 0.000000
000215 1 0 1 0.000000
000216 1 0 0 0.000000
000217 1 1 1 0.320061
000218 1 0 0 0.000000
000219 1 0 1 0.159245
000220 1 0 0 0.000000
000221 1 0 0 0.000000
000222 1 0 1 0.160991
000223 1 0 1 0.156949
000224 1 0 0 0.000000
000225 1 0 1 0.159641
000226 1 0 1 0.163364
000227 1 0 1 0.163364
000228 1 0 0 0.000000
000229 1 0 0 0.000000
000230 1 0 0 0.000000
000231 1 0 0 0.000000
000232 1 0 0 0.000000
000233 1 0 0 0.000000
000234 1 0 0 0.000000
000235 1 0 0 0.000000
000236 1 0 0 0.000000
000237 1 0 0 0.000000
000238 1 0 0 0.000000
000239 1 0 0 0.000000
000240 1 0 0 0.000000
000241 1 0 0 0.000000
000242 1 0 0 0.000000
000243 1 0 0 0.000000
000244 1 0 0 0.000000
000245 1 0 0 0.000000
000246 1 0 0 0.000000
000247 1 0 0 0.000000
000248 1 0 0 0.000000
000249 1 0 0 0.000000
000250 1 0 0 0.000000
000251 1 0 0 0.000000
000252 1 0 0 0.000000
000253 1 0 0 0.000000
000254 1 0 0 0.000000
000255 1 0 0 0.000000
000256 1 0 0 0.000000
000257 1 0 0 0.000000
000258 1 0 0 0.000000
000259 1 0 0 0.000000
000260 1 0 0 0.000000
000261 1 0 0 0.000000
000262 1 0 0 0.000000
000263 1 0 0 0.000000
000264 1 0 0 0.000000
000265 1 0 0 0.000000
000266 1 0 0 0.000000
000267 1 0 0 0.000000
000268 1 1 0 0.712803
000269 1 0 0 0.000000
000270 1 0 0 0.000000
000271 1 0 0 0.000000
000272 1 0 0 0.000000
000273 1 0 0 0.000000
000274 1 0 0 0.000000
000275 1 0 0 0.000000
000276 1 0 0 0.000000
000277 1 0 0 0.000000
000278 1 0 0 0.000000
000279 1 1 0 0.656338
000280 1 0 0 0.000000
000281 1 1 0 0.807872
000282 1 0 0 0.000000
000283 1 0 0 0.000000
000284 1 0 0 0.000000
000285 1 0 0 0.000000
000286 1 0 0 0.000000
000287 1 0 0 0.000000
000288 1 0 0 0.000000
000289 1 0 0 0.000000
000290 1 0 0 0.000000
000291 1 0 0 0.000000
000292 1 0 0 0.000000
000293 1 0 0 0.000000
000294 1 0 0 0.000000
000295 1 0 0 0.000000
000296 1 0 0 0.000000
000297 1 0 0 0.000000
000298 1 0 0 0.000000
000299 1 0 0 0.000000
000300 1 0 0 0.000000
000301 1 0 0 0.000000
000302 1 1 0 0.730052
000303 1 0 0 0.000000
000304 1 0 0 0.000000
000305 1 0 0 0.000000
000306 1 0 1 0.000000
000307 1 0 1 0.000000
000308 1 0 0 0.000000
000309 1 0 0 0.000000
000310 1 0 0 0.000000
000311 1 0 0 0.000000
000312 1 0 0 0.000000
000313 1 0 0 0.000000
000314 1 0 0 0.000000
000315 1 0 0 0.000000
000316 1 0 0 0.000000
000317 1 0 0 0.000000
000318 1 0 0 0.000000
000319 1 0 0 0.000000
000320 1 0 0 0.000000
000321 1 0 0 0.000000
000322 1 0 1 0.000000
000323 1 0 0 0.000000
000324 1 0 0 0.000000
000325 1 0 0 0.000000
000326 1 0 0 0.000000
000327 1 0 0 0.000000
000328 1 0 0 0.000000
000329 1 0 0 0.000000
000330 1 0 0 0.000000
000331 1 0 0 0.000000
000332 1 0 0 0.000000
000333 1 0 0 0.000000
000334 1 0 0 0.000000
000335 1 0 0 0.000000
000336 1 0 0 0.000000
000337 1 0 0 0.000000
000338 1 0 0 0.000000
000339 1 0 0 0.000000
000340 1 0 0 0.000000
000341 1 0 0 0.000000
000342 1 0 0 0.000000
000343 1 0 0 0.000000
000344 1 0 0 0.000000
000345 1 0 0 0.000000
000346 1 0 0 0.000000
000347 1 0 0 0.000000
000348 1 0 0 0.000000
000349 1 0 0 0.000000
000350 1 1 0 0.623936
000351 1 0 0 0.000000
000352 1 0 0 0.000000
000353 1 0 0 0.000000
000354 1 0 0 0.000000
000355 1 0 0 0.000000
000356 1 0 1 0.000000
000357 1 0 0 0.000000
000358 1 0 0 0.000000
000359 1 0 0 0.000000
000360 1 0 0 0.000000
000361 1 0 0 0.000000
000362 1 0 0 0.000000
000363 1 0 0 0.000000
000364 1 0 0 0.000000
000365 1 0 0 0.000000
000366 1 0 0 0.000000
000367 1 0 0 0.000000
000368 1 0 0 0.000000
000369 1 0 0 0.000000
000370 1 0 0 0.000000
000371 1 0 0 0.000000
000372 1 0 0 0.000000
000373 1 0 0 0.000000
000374 1 0 0 0.000000
000375 1 0 0 0.000000
000376 1 0 0 0.000000
000377 1 0 0 0.000000
000378 1 0 0 0.000000
000379 1 0 0 0.000000
000380 1 0 0 0.000000
000381 1 1 0 0.730052
000382 1 1 0 0.730052
000383 1 0 0 0.000000
000384 1 1 0 0.640122
000385 1 0 0 0.000000
000386 1 0 0 0.000000
000387 1 0 0 0.000000
000388 1 1 0 0.640122
000389 1 0 0 0.000000
000390 1 1 0 0.730052
000391 1 0 0 0.000000
000392 1 0 0 0.000000
000393 1 0 0 0.000000
000394 1 0 0 0.000000
000395 1 0 0 0.000000
000396 1 0 0 0.000000
000397 1 0 0 0.000000
000398 1 0 0 0.000000
000399 1 0 0 0.000000
000400 1 0 0 0.000000
000401 1 0 0 0.000000
000402 1 1 0 0.656338
000403 1 1 0 0.712803
000404 1 1 0 0.940983
000405 1 0 0 0.000000
000406 1 0 0 0.000000
000407 1 0 0 0.000000
000408 1 1 0 0.789580
000409 1 0 0 0.000000
000410 1 0 0 0.000000
000411 1 0 0 0.000000
000412 1 0 0 0.000000
000413 1 0 0 0.000000
000414 1 0 0 0.000000
000415 1 0 0 0.000000
000416 1 0 0 0.000000
000417 1 0 0 0.000000
000418 1 1 0 0.855436
000419 1 1 0 0.826198
000420 1 0 0 0.000000
000421 1 0 0 0.000000
000422 1 1 1 0.336292
000423 1 1 0 0.712803
000424 1 0 0 0.000000
000425 1 0 0 0.000000
000426 1 0 0 0.000000
000427 1 1 0 0.789580
000428 1 0 0 0.000000
000429 1 0 0 0.000000
000430 1 0 0 0.000000
000431 1 0 0 0.000000
000432 1 0 0 0.000000
000433 1 1 0 0.656338
000434 1 1 0 0.712803
000435 1 0 0 0.000000
000436 1 1 0 0.623936
000437 1 1 0 0.826198
000438 1 0 0 0.000000
000439 1 0 0 0.000000
000440 1 1 0 0.789580
000441 1 1 1 0.328169
000442 1 1 0 0.656338
000443 1 0 0 0.000000
000444 1 0 0 0.000000
000445 1 0 0 0.000000
000446 1 0 0 0.000000
000447 1 0 0 0.000000
000448 1 0 0 0.000000
000449 1 0 0 0.000000
000450 1 0 1 0.000000
000451 1 0 0 0.000000
000452 1 0 1 0.000000
000453 1 0 0 0.000000
000454 1 0 0 0.000000
000455 1 0 0 0.000000
000456 1 0 0 0.000000
000457 1 0 0 0.000000
000458 1 0 0 0.000000
000459 1 0 0 0.000000
000460 1 0 0 0.000000
000461 1 0 0 0.000000
000462 1 0 0 0.000000
000463 1 0 0 0.000000
000464 1 1 0 0.640122
000465 1 1 0 0.640122
000466 1 1 0 0.640122
000467 1 1 0 0.712803
000468 1 0 0 0.000000
000469 1 0 0 0.000000
000470 1 0 0 0.000000
000471 1 0 0 0.000000
000472 1 0 0 0.000000
000473 1 0 0 0.000000
000474 1 0 0 0.000000
000475 1 0 0 0.000000
000476 1 0 0 0.000000
000477 1 0 0 0.000000
000478 1 0 0 0.000000
000479 1 0 0 0.000000
000480 1 0 0 0.000000
000481 1 0 0 0.000000
000482 1 1 0 0.730052
000483 1 0 0 0.000000
000484 1 0 0 0.000000
000485 1 1 0 0.656338
000486 1 0 0 0.000000
000487 1 0 0 0.000000
000488 1 0 0 0.000000
000489 1 0 0 0.000000
000490 1 0 0 0.000000
000491 1 0 0 0.000000
000492 1 0 0 0.000000
000493 1 0 0 0.000000
000494 1 1 0 0.961462
000495 1 0 0 0.000000
000496 1 0 0 0.000000
000497 1 0 0 0.000000
000498 1 0 0 0.000000
000499 1 1 0 0.712803
000500 1 0 0 0.000000
000501 1 0 0 0.000000
000502 1 0 0 0.000000
000503 1 0 0 0.000000
000504 1 0 0 0.000000
000505 1 0 0 0.000000
000506 1 0 0 0.000000
000507 1 0 0 0.000000
000508 1 0 0 0.000000
000509 1 0 0 0.000000
000510 1 0 0 0.000000
000511 1 0 0 0.000000
000512 1 0 0 0.000000
000513 1 0 0 0.000000
000514 1 0 0 0.000000
000515 1 0 0 0.000000
000516 1 0 0 0.000000
000517 1 0 0 0.000000
000518 1 0 0 0.000000
000519 1 0 0 0.000000
000520 1 0 0 0.000000
000521 1 0 0 0.000000
000522 1 0 0 0.000000
000523 1 0 0 0.000000
000524 1 0 0 0.000000
000525 1 0 0 0.000000
000526 1 0 0 0.000000
000527 1 0 0 0.000000
000528 1 0 0 0.000000
000529 1 0 0 0.000000
000530 1 0 0 0.000000
000531 1 0 0 0.000000
000532 1 0 0 0.000000
000533 1 0 0 0.000000
000534 1 0 0 0.000000
000535 1 0 0 0.000000
000536 1 0 0 0.000000
000537 1 0 0 0.000000
000538 1 0 0 0.000000
000539 1 0 0 0.000000
000540 1 0 0 0.000000
000541 1 0 0 0.000000
000542 1 0 0 0.000000
000543 1 0 0 0.000000
000544 1 0 0 0.000000
000545 1 0 0 0.000000
000546 1 0 0 0.000000
000547 1 0 0 0.000000
000548 1 0 0 0.000000
000549 1 0 0 0.000000
000550 1 0 0 0.000000
000551 1 0 1 0.129677
000552 1 0 1 0.131360
000553 1 0 0 0.000000
000554 1 0 0 0.000000
000555 2 0 0 0.000000
000556 2 0 1 0.000000
000557 2 0 0 0.000000
000558 2 1 0 0.593171
000559 2 0 0 0.000000
000560 2 0 0 0.000000
000561 2 0 0 0.000000
000562 2 0 0 0.000000
000563 2 1 0 0.700000
000564 2 1 0 0.760314
000565 2 0 0 0.000000
000566 2 0 0 0.000000
000567 2 0 0 0.000000
000568 2 0 0 0.000000
000569 2 0 0 0.000000
000570 2 0 0 0.000000
000571 2 0 0 0.000000
000572 2 0 0 0.000000
000573 2 0 0 0.000000
000574 2 0 0 0.000000
000575 2 1 0 0.682664
000576 2 1 0 0.609375
000577 2 0 0 0.000000
000578 2 0 0 0.000000
000579 2 0 0 0.000000
000580 2 0 0 0.000000
000581 2 0 0 0.000000
000582 2 1 0 0.760314
000583 2 0 0 0.000000
000584 2 0 0 0.000000
000585 2 1 0 0.746782
000586 2 1 0 0.654736
000587 2 1 0 0.778761
000588 2 1 0 0.778761
000589 2 1 0 0.794203
000590 2 1 0 0.842365
000591 2 0 0 0.000000
000592 2 1 0 0.807708
000593 2 1 0 0.807708
000594 2 1 0 0.792484
000595 2 2 0 0.604559
000596 2 2 0 0.676529
000597 2 0 0 0.000000
000598 2 2 0 0.652678
000599 2 0 0 0.000000
000600 2 0 0 0.000000
000601 2 1 0 0.792677
000602 2 0 0 0.000000
000603 2 1 0 0.819609
000604 2 0 0 0.000000
000605 2 1 0 0.553503
000606 2 1 0 0.584515
000607 2 0 0 0.000000
000608 2 0 0 0.000000
000609 2 1 0 0.729122
000610 2 1 0 0.638168
000611 2 1 0 0.568995
000612 2 1 0 0.807708
000613 2 0 0 0.000000
000614 2 1 0 0.729122
000615 2 0 0 0.000000
000616 2 0 0 0.000000
000617 2 0 0 0.000000
000618 2 0 0 0.000000
000619 2 0 0 0.000000
000620 2 0 0 0.000000
000621 2 0 0 0.000000
000622 2 0 0 0.000000
000623 2 0 0 0.000000
000624 2 0 0 0.000000
000625 2 0 0 0.000000
000626 2 1 0 0.671336
000627 2 2 0 0.833630
000628 2 1 0 0.730052
000629 2 2 0 0.730458
000630 2 1 0 0.826438
000631 2 2 0 0.655537
000632 2 2 0 0.655729
000633 2 2 0 0.777327
000634 2 1 0 0.807708
000635 2 0 0 0.000000
000636 2 0 0 0.000000
000637 2 0 0 0.000000
000638 2 0 0 0.000000
000639 2 0 0 0.000000
000640 2 0 0 0.000000
000641 2 0 0 0.000000
000642 2 0 0 0.000000
000643 2 1 0 0.797244
000644 2 0 0 0.000000
000645 2 0 0 0.000000
000646 2 1 0 0.687967
000647 2 1 0 0.665362
000648 2 0 0 0.000000
000649 2 1 0 0.654736
000650 2 1 0 0.671336
000651 2 1 0 0.774554
000652 2 1 0 0.810447
000653 2 0 0 0.000000
000654 2 0 0 0.000000
000655 2 0 0 0.000000
000656 2 0 0 0.000000
000657 2 0 0 0.000000
000658 2 0 0 0.000000
000659 2 0 0 0.000000
000660 2 0 0 0.000000
000661 2 0 0 0.000000
000662 2 0 1 0.192908
000663 2 1 0 0.778761
000664 2 0 0 0.000000
000665 2 1 0 0.827687
000666 2 0 0 0.000000
000667 2 1 0 0.700000
000668 2 1 0 0.826438
000669 2 1 0 0.746782
000670 2 1 1 0.327368
000671 2 1 0 0.807708
000672 2 1 0 0.807708
000673 2 1 0 0.654736
000674 2 1 0 0.638168
000675 2 0 0 0.000000
000676 2 1 0 0.671336
000677 2 0 0 0.000000
000678 2 0 0 0.000000
000679 2 0 0 0.000000
000680 2 1 0 0.949877
000681 2 0 0 0.000000
000682 2 0 0 0.000000
000683 2 0 0 0.000000
000684 2 0 0 0.000000
000685 2 0 0 0.000000
000686 2 0 0 0.000000
000687 2 0 0 0.000000
000688 2 0 0 0.000000
000689 2 1 0 0.682664
000690 2 1 0 0.671336
000691 2 1 1 0.435168
000692 2 1 0 0.765958
000693 2 0 0 0.000000
000694 2 0 0 0.000000
000695 2 2 0 0.883882
000696 2 1 0 0.936593
000697 2 1 0 0.887465
000698 2 0 0 0.000000
000699 2 0 0 0.000000
000700 2 0 0 0.000000
000701 2 1 1 0.397186
000702 2 1 0 0.687858
000703 2 0 0 0.000000
000704 2 1 0 0.729957
000705 2 1 0 0.671336
000706 2 1 0 0.654737
000707 2 1 0 0.593171
000708 2 1 0 0.609375
000709 2 1 0 0.774244
000710 2 1 0 0.792891
000711 2 1 0 0.786981
000712 2 1 0 0.786981
000713 2 1 0 0.638620
000714 2 1 0 0.786981
000715 2 1 0 0.742355
000716 2 0 0 0.000000
000717 2 0 0 0.000000
000718 2 0 0 0.000000
000719 2 1 0 0.958156
000720 2 1 0 0.962162
000721 2 0 0 0.000000
000722 2 0 0 0.000000
000723 2 0 0 0.000000
000724 2 1 0 0.701219
000725 2 1 0 0.786981
000726 2 1 0 0.690852
000727 2 1 0 0.856167
000728 2 0 0 0.000000
000729 2 0 0 0.000000
000730 2 0 0 0.000000
000731 2 0 0 0.000000
000732 2 1 1 0.340990
000733 2 0 0 0.000000
000734 2 0 0 0.000000
000735 2 0 0 0.000000
000736 2 0 0 0.000000
000737 2 0 0 0.000000
000738 2 0 1 0.000000
000739 2 0 0 0.000000
000740 2 1 0 0.877935
000741 2 1 0 0.860522
000742 2 1 0 0.816367
000743 2 0 0 0.000000
000744 2 0 1 0.000000
000745 2 0 0 0.000000
000746 2 0 0 0.000000
000747 2 0 1 0.000000
000748 2 0 0 0.000000
000749 2 0 0 0.000000
000750 2 0 0 0.000000
000751 2 0 0 0.000000
000752 2 0 0 0.000000
000753 2 0 0 0.000000
000754 2 0 0 0.000000
000755 2 0 0 0.000000
000756 2 0 0 0.000000
000757 2 0 0 0.000000
000758 2 0 0 0.000000
000759 2 0 0 0.000000
000760 2 0 0 0.000000
000761 2 0 0 0.000000
000762 2 0 0 0.000000
000763 2 0 0 0.000000
000764 2 0 1 0.000000
000765 2 0 0 0.000000
000766 2 0 0 0.000000
000767 2 0 0 0.000000
000768 2 0 0 0.000000
000769 2 0 0 0.000000
000770 2 0 0 0.000000
000771 2 0 0 0.000000
000772 2 0 0 0.000000
000773 2 0 0 0.000000
000774 2 0 0 0.000000
000775 2 0 0 0.000000
000776 2 0 0 0.000000
000777 2 0 0 0.000000
000778 2 0 0 0.000000
000779 2 0 0 0.000000
000780 2 0 0 0.000000
000781 2 0 0 0.000000
000782 2 0 0 0.000000
000783 2 0 0 0.000000
000784 2 0 0 0.000000
000785 2 0 1 0.000000
000786 2 0 0 0.000000
000787 2 0 0 0.000000
000788 2 0 0 0.000000
000789 2 0 0 0.000000
000790 2 0 0 0.000000
000791 2 0 0 0.000000
000792 2 0 0 0.000000
000793 2 0 0 0.000000
000794 2 0 0 0.000000
000795 2 0 0 0.000000
000796 2 0 0 0.000000
000797 2 0 0 0.000000
000798 2 0 0 0.000000
000799 2 0 1 0.000000
000800 2 0 0 0.000000
