000001 2 0 1 0.000000
000002 2 2 0 0.799147
000003 2 2 0 0.710477
000004 2 2 0 0.763526
000005 2 2 0 0.770933
000006 2 2 0 0.779499
000007 2 2 0 0.733649
000008 2 2 0 0.728420
000009 2 2 0 0.761686
000010 2 2 0 0.791417
000011 2 2 0 0.695828
000012 2 1 0 0.853587
000013 2 2 0 0.766979
000014 2 2 0 0.792501
000015 2 2 0 0.806150
000016 2 2 0 0.751514
000017 2 2 0 0.704622
000018 2 2 0 0.745577
000019 2 1 0 0.771310
000020 2 1 0 0.721897
000021 2 2 0 0.736445
000022 2 2 0 0.704613
000023 2 2 0 0.712425
000024 2 2 0 0.700779
000025 2 2 0 0.720692
000026 2 2 0 0.788769
000027 2 2 0 0.771910
000028 2 2 0 0.730101
000029 2 2 0 0.718030
000030 2 2 0 0.764792
000031 2 2 0 0.770934
000032 2 2 0 0.755353
000033 2 2 0 0.724228
000034 2 2 0 0.684726
000035 2 2 0 0.751952
000036 2 2 0 0.705700
000037 2 2 0 0.693696
000038 2 2 0 0.730269
000039 2 2 0 0.671164
000040 2 2 0 0.704829
000041 2 2 0 0.742731
000042 2 2 0 0.755519
000043 2 2 0 0.764171
000044 2 2 0 0.723886
000045 2 2 0 0.732169
000046 2 2 0 0.757648
000047 2 2 0 0.767424
000048 2 2 0 0.729671
000049 2 2 0 0.744718
000050 2 2 0 0.729671
000051 2 2 0 0.754409
000052 2 2 0 0.758297
000053 2 2 0 0.770043
000054 2 2 0 0.748072
000055 2 2 0 0.758297
000056 2 2 0 0.751775
000057 2 2 0 0.730083
000058 2 2 0 0.733420
000059 2 2 0 0.719986
000060 2 2 0 0.718030
000061 2 2 0 0.727139
000062 2 2 0 0.720339
000063 2 2 0 0.745577
000064 2 2 0 0.761059
000065 2 2 0 0.751775
000066 2 2 0 0.754114
000067 2 2 0 0.751775
000068 2 2 0 0.727564
000069 2 2 0 0.724228
000070 2 2 0 0.718558
000071 2 2 0 0.724392
000072 2 2 0 0.758297
000073 2 2 0 0.724432
000074 2 2 0 0.757648
000075 2 2 0 0.780941
000076 2 2 0 0.704829
000077 2 2 0 0.718146
000078 2 2 0 0.718280
000079 2 2 0 0.739399
000080 2 2 0 0.718146
000081 2 2 0 0.693026
000082 2 2 0 0.718030
000083 2 2 0 0.723816
000084 2 2 0 0.704829
000085 2 2 0 0.757648
000086 2 2 0 0.718558
000087 2 2 0 0.710478
000088 2 2 0 0.725860
000089 2 2 0 0.758297
000090 2 2 0 0.710478
000091 2 2 0 0.789589
000092 2 2 0 0.710478
000093 2 2 0 0.704622
000094 2 2 0 0.739367
000095 2 2 0 0.738692
000096 2 2 0 0.735957
000097 2 2 0 0.677361
000098 2 2 0 0.763713
000099 2 2 0 0.739367
000100 2 2 0 0.751775
000101 2 2 0 0.721243
000102 2 2 0 0.727766
000103 2 2 0 0.734513
000104 2 1 0 0.732240
000105 2 2 0 0.732169
000106 2 2 0 0.716528
000107 2 2 0 0.753241
000108 2 2 0 0.693696
000109 2 2 0 0.710478
000110 2 2 0 0.745417
000111 2 2 0 0.736538
000112 2 2 0 0.682826
000113 2 2 0 0.731982
000114 2 2 0 0.791927
000115 2 2 0 0.755694
000116 2 2 0 0.727146
000117 2 2 0 0.733791
000118 2 2 0 0.807242
000119 2 1 0 0.699462
000120 2 2 0 0.719184
000121 2 2 0 0.752100
000122 2 2 0 0.707152
000123 2 2 0 0.724807
000124 2 2 0 0.738692
000125 2 2 0 0.734504
000126 2 2 0 0.709103
000127 2 2 0 0.712273
000128 2 2 0 0.738682
000129 2 2 0 0.730015
000130 2 2 0 0.730015
000131 2 2 0 0.733420
000132 2 2 0 0.699552
000133 2 2 0 0.715965
000134 2 2 0 0.687511
000135 2 2 0 0.683864
000136 2 2 0 0.692520
000137 2 2 0 0.677793
000138 2 2 0 0.714114
000139 2 2 0 0.677373
000140 2 2 0 0.697260
000141 2 2 0 0.727564
000142 2 2 0 0.680986
000143 2 2 0 0.691637
000144 2 2 0 0.703115
000145 2 2 0 0.723556
000146 2 2 0 0.693026
000147 2 2 0 0.737689
000148 2 2 0 0.698737
000149 2 2 0 0.730911
000150 2 2 0 0.750270
000151 2 2 0 0.723412
000152 2 2 0 0.769687
000153 2 2 0 0.712031
000154 2 2 0 0.729267
000155 2 2 0 0.732169
000156 2 2 0 0.638522
000157 2 2 0 0.748831
000158 2 1 0 0.693029
000159 2 2 0 0.723556
000160 2 1 0 0.716216
000161 2 2 0 0.767876
000162 2 1 0 0.727927
000163 2 2 0 0.647674
000164 2 2 0 0.690756
000165 2 2 0 0.724228
000166 2 2 0 0.806987
000167 2 1 0 0.771310
000168 2 2 0 0.776330
000169 2 2 0 0.754409
000170 2 2 0 0.707436
000171 2 2 0 0.748831
000172 2 2 0 0.761375
000173 2 2 0 0.769807
000174 2 2 0 0.723816
000175 2 2 0 0.755111
000176 2 2 0 0.712361
000177 2 2 0 0.747020
000178 2 2 0 0.748831
000179 2 2 0 0.679599
000180 2 2 0 0.677539
000181 2 2 0 0.694941
000182 2 2 0 0.761375
000183 2 2 0 0.769807
000184 2 2 0 0.682751
000185 2 2 0 0.718280
000186 2 2 0 0.675676
000187 2 2 0 0.732160
000188 2 2 0 0.670623
000189 2 2 0 0.628022
000190 2 2 0 0.674107
000191 2 2 0 0.624865
000192 2 1 0 0.659614
000193 2 2 0 0.641163
000194 2 2 0 0.641163
000195 2 2 0 0.633393
000196 2 3 0 0.720611
000197 2 2 0 0.674107
000198 2 2 0 0.704561
000199 2 1 0 0.650097
000200 2 2 0 0.745948
000201 2 2 0 0.695377
000202 2 2 0 0.715015
000203 2 2 0 0.674961
000204 2 2 0 0.728851
000205 2 2 0 0.715494
000206 2 2 0 0.751063
000207 2 2 0 0.758848
000208 2 2 0 0.725762
000209 2 2 0 0.695872
000210 2 2 0 0.690086
000211 2 2 0 0.747417
000212 2 2 0 0.710382
000213 2 2 0 0.750500
000214 2 2 0 0.816252
000215 2 2 0 0.770043
000216 2 2 0 0.759988
000217 2 2 0 0.695515
000218 2 2 0 0.709090
000219 2 2 0 0.674524
000220 2 2 0 0.707625
000221 2 2 0 0.729811
000222 2 2 0 0.695468
000223 2 2 0 0.755918
000224 2 2 0 0.780954
000225 2 2 0 0.715802
000226 2 1 0 0.615563
000227 2 2 0 0.647674
000228 2 2 0 0.677176
000229 2 2 0 0.637979
000230 2 2 0 0.690086
000231 2 2 0 0.649370
000232 2 2 0 0.651215
000233 2 2 0 0.685303
000234 2 1 0 0.808042
000235 2 1 0 0.659614
000236 2 2 0 0.724684
000237 2 2 0 0.808969
000238 2 1 0 0.721347
000239 2 1 0 0.777606
000240 2 1 0 0.721347
000241 2 1 0 0.853462
000242 2 2 0 0.719381
000243 2 2 0 0.696815
000244 2 2 0 0.764644
000245 2 2 0 0.761370
000246 2 1 0 0.868852
000247 2 2 0 0.797243
000248 2 1 0 0.862791
000249 2 1 0 0.868852
000250 2 2 0 0.809030
000251 2 1 0 0.847677
000252 2 1 0 0.925397
000253 2 1 0 0.853587
000254 2 1 0 0.740027
000255 2 1 0 0.838849
000256 2 1 0 0.838849
000257 2 2 0 0.721817
000258 2 2 0 0.725919
000259 2 1 0 0.677326
000260 2 2 0 0.735853
000261 2 1 0 0.708633
000262 2 1 0 0.671176
000263 2 0 0 0.000000
000264 2 0 0 0.000000
000265 2 1 0 0.609037
000266 2 2 0 0.659573
000267 2 0 0 0.000000
000268 2 1 0 0.627228
000269 2 1 0 0.627228
000270 2 0 0 0.000000
000271 2 0 0 0.000000
000272 2 1 0 0.617999
000273 2 0 0 0.000000
000274 2 0 0 0.000000
000275 2 0 0 0.000000
000276 2 0 0 0.000000
000277 2 0 0 0.000000
000278 2 0 0 0.000000
000279 2 0 0 0.000000
000280 2 1 0 0.609037
000281 2 0 0 0.000000
000282 2 0 0 0.000000
000283 2 0 0 0.000000
000284 2 0 0 0.000000
000285 2 0 0 0.000000
000286 2 0 0 0.000000
000287 2 0 0 0.000000
000288 2 0 0 0.000000
000289 2 0 0 0.000000
000290 2 0 0 0.000000
000291 2 0 0 0.000000
000292 2 0 0 0.000000
000293 2 0 0 0.000000
000294 2 0 0 0.000000
000295 2 0 0 0.000000
000296 2 0 0 0.000000
000297 2 0 0 0.000000
000298 2 0 0 0.000000
000299 2 0 0 0.000000
000300 2 0 0 0.000000
000301 2 0 0 0.000000
000302 2 1 0 0.710110
000303 2 0 0 0.000000
000304 2 0 0 0.000000
000305 2 1 0 0.710110
000306 2 1 0 0.619023
000307 2 0 0 0.000000
000308 2 1 0 0.710110
000309 2 0 0 0.000000
000310 2 1 0 0.716216
000311 2 0 0 0.000000
000312 2 0 0 0.000000
000313 2 1 0 0.733333
000314 2 0 0 0.000000
000315 2 0 0 0.000000
000316 2 1 0 0.789973
000317 2 0 0 0.000000
000318 2 0 0 0.000000
000319 2 0 0 0.000000
000320 2 0 0 0.000000
000321 2 0 0 0.000000
000322 2 0 0 0.000000
000323 2 0 0 0.000000
000324 2 0 0 0.000000
000325 2 0 0 0.000000
000326 2 0 0 0.000000
000327 2 0 0 0.000000
000328 2 0 0 0.000000
000329 2 0 0 0.000000
000330 2 0 0 0.000000
000331 2 0 0 0.000000
000332 2 0 0 0.000000
000333 2 1 0 0.758691
000334 2 0 0 0.000000
000335 2 0 0 0.000000
000336 2 0 0 0.000000
000337 2 1 0 0.771310
000338 2 0 0 0.000000
000339 2 0 0 0.000000
000340 2 0 0 0.000000
000341 2 0 0 0.000000
000342 2 0 0 0.000000
000343 2 0 0 0.000000
000344 2 0 0 0.000000
000345 2 0 0 0.000000
000346 2 0 0 0.000000
000347 2 1 0 0.789973
000348 2 0 0 0.000000
000349 2 1 0 0.667058
000350 2 0 0 0.000000
000351 2 0 0 0.000000
000352 2 0 0 0.000000
000353 2 0 0 0.000000
000354 2 0 0 0.000000
000355 2 0 0 0.000000
000356 2 0 0 0.000000
000357 2 0 0 0.000000
000358 2 0 0 0.000000
000359 2 0 0 0.000000
000360 2 0 0 0.000000
000361 2 0 0 0.000000
000362 2 0 0 0.000000
000363 2 0 0 0.000000
000364 2 0 0 0.000000
000365 2 0 0 0.000000
000366 2 0 0 0.000000
000367 2 0 0 0.000000
000368 2 0 0 0.000000
000369 2 0 0 0.000000
000370 2 0 0 0.000000
000371 2 0 0 0.000000
000372 2 0 0 0.000000
000373 2 0 0 0.000000
000374 2 0 0 0.000000
000375 2 0 0 0.000000
000376 2 0 0 0.000000
000377 2 0 0 0.000000
000378 2 0 0 0.000000
000379 2 0 0 0.000000
000380 2 0 0 0.000000
000381 2 0 0 0.000000
000382 2 0 0 0.000000
000383 2 0 0 0.000000
000384 2 0 0 0.000000
000385 2 0 0 0.000000
000386 2 0 0 0.000000
000387 2 0 0 0.000000
000388 2 0 0 0.000000
000389 2 0 0 0.000000
000390 2 0 0 0.000000
000391 2 1 0 0.764089
000392 2 0 0 0.000000
000393 2 1 0 0.789973
000394 2 0 0 0.000000
000395 2 1 0 0.721535
000396 2 1 0 0.716216
000397 2 2 0 0.694654
000398 2 1 0 0.606407
000399 2 2 0 0.677826
000400 2 0 0 0.000000
000401 2 1 0 0.670038
000402 2 1 0 0.660328
000403 2 0 0 0.000000
000404 2 2 0 0.693583
000405 2 0 0 0.000000
000406 2 2 0 0.646355
000407 2 1 0 0.617999
000408 2 1 0 0.559134
000409 2 2 0 0.643173
000410 2 2 0 0.654465
000411 2 1 0 0.615563
000412 2 2 0 0.622043
000413 2 2 0 0.667685
000414 2 1 0 0.567324
000415 2 0 0 0.000000
000416 2 2 0 0.689115
000417 2 0 0 0.000000
000418 2 2 0 0.690416
000419 2 2 0 0.743285
000420 2 1 0 0.811816
000421 2 2 0 0.776926
000422 2 0 0 0.000000
000423 2 2 0 0.664476
000424 2 2 0 0.703589
000425 2 1 0 0.672104
000426 2 1 0 0.647095
000427 2 2 0 0.845561
000428 2 2 0 0.837730
000429 2 2 0 0.830173
000430 2 0 0 0.000000
000431 2 0 0 0.000000
000432 2 2 0 0.674287
000433 2 2 0 0.616927
000434 2 2 0 0.696993
000435 2 2 0 0.710405
000436 2 2 0 0.722332
000437 2 1 0 0.764617
000438 2 1 0 0.721347
000439 2 0 0 0.000000
000440 2 1 0 0.721347
000441 2 0 0 0.000000
000442 2 0 0 0.000000
000443 2 0 0 0.000000
000444 2 1 0 0.708556
000445 2 0 0 0.000000
000446 2 0 0 0.000000
000447 2 1 0 0.720109
000448 2 1 0 0.791045
000449 2 0 0 0.000000
000450 2 0 0 0.000000
000451 2 2 0 0.617665
000452 2 0 0 0.000000
000453 2 0 0 0.000000
000454 2 0 0 0.000000
000455 2 0 0 0.000000
000456 2 0 0 0.000000
000457 2 0 0 0.000000
000458 2 0 0 0.000000
000459 2 0 0 0.000000
000460 2 0 0 0.000000
000461 2 0 0 0.000000
000462 2 0 0 0.000000
000463 2 0 0 0.000000
000464 2 1 0 0.503356
000465 2 0 0 0.000000
000466 2 0 0 0.000000
000467 2 0 0 0.000000
000468 2 0 0 0.000000
000469 2 0 0 0.000000
000470 2 1 0 0.396947
000471 2 0 0 0.000000
000472 2 0 0 0.000000
000473 2 0 0 0.000000
000474 2 0 0 0.000000
000475 2 0 0 0.000000
000476 2 0 0 0.000000
000477 2 0 0 0.000000
000478 2 0 0 0.000000
000479 2 0 0 0.000000
000480 2 0 0 0.000000
000481 2 0 0 0.000000
000482 2 0 0 0.000000
000483 2 0 0 0.000000
000484 2 0 0 0.000000
000485 2 0 0 0.000000
000486 2 0 0 0.000000
000487 2 1 0 0.643490
000488 2 0 0 0.000000
000489 2 0 0 0.000000
000490 2 0 0 0.000000
000491 2 0 0 0.000000
000492 2 0 0 0.000000
000493 2 1 0 0.628106
000494 2 1 0 0.571745
000495 2 0 0 0.000000
000496 2 0 0 0.000000
000497 2 0 0 0.000000
000498 2 1 0 0.656637
000499 2 1 0 0.580824
000500 2 1 0 0.678304
000501 2 1 0 0.682533
000502 2 1 0 0.672368
000503 2 0 0 0.000000
000504 2 0 0 0.000000
000505 2 0 0 0.000000
000506 2 0 0 0.000000
000507 2 0 0 0.000000
000508 2 0 0 0.000000
000509 2 0 0 0.000000
000510 2 0 0 0.000000
000511 2 0 0 0.000000
000512 2 0 0 0.000000
000513 2 0 0 0.000000
000514 2 0 0 0.000000
000515 2 0 0 0.000000
000516 2 0 0 0.000000
000517 2 0 0 0.000000
000518 2 1 0 0.490774
000519 2 1 0 0.515078
000520 2 1 0 0.527199
000521 2 1 0 0.588632
000522 2 0 0 0.000000
000523 2 0 0 0.000000
000524 2 1 0 0.464780
000525 2 0 0 0.000000
000526 2 0 0 0.000000
000527 2 0 0 0.000000
000528 2 0 0 0.000000
000529 2 0 0 0.000000
000530 2 0 0 0.000000
000531 2 0 0 0.000000
000532 2 0 0 0.000000
000533 2 1 0 0.622616
000534 2 0 0 0.000000
000535 2 1 0 0.624868
000536 2 1 0 0.672368
000537 2 0 0 0.000000
000538 2 0 0 0.000000
000539 2 1 0 0.549461
000540 2 0 0 0.000000
000541 2 1 0 0.509597
000542 2 1 1 0.299004
000543 2 0 0 0.000000
000544 2 0 1 0.047481
000545 2 0 1 0.000000
000546 2 0 1 0.000000
000547 2 0 1 0.000000
000548 2 0 1 0.000000
000549 2 0 1 0.000000
000550 2 0 1 0.000000
000551 2 0 1 0.000000
000552 2 0 1 0.000000
000553 2 0 1 0.000000
000554 2 0 1 0.000000
000555 2 0 1 0.000000
000556 2 0 1 0.000000
000557 2 1 1 0.328319
000558 2 0 1 0.000000
000559 2 0 1 0.000000
000560 2 0 1 0.000000
000561 2 1 1 0.260805
000562 2 1 1 0.207504
000563 2 1 1 0.313912
000564 2 1 1 0.176721
000565 2 0 1 0.000000
000566 2 0 1 0.000000
000567 2 1 1 0.280857
000568 2 0 1 0.000000
000569 2 0 1 0.000000
000570 2 0 1 0.000000
000571 2 0 1 0.000000
000572 2 0 1 0.000000
000573 2 1 1 0.254404
000574 2 1 1 0.239195
000575 2 1 1 0.249691
000576 2 1 1 0.232869
000577 2 1 1 0.252671
000578 2 1 1 0.252671
000579 2 1 1 0.212772
000580 2 2 1 0.398941
000581 2 1 1 0.252269
000582 2 1 0 0.905632
000583 2 2 0 0.800182
000584 2 2 0 0.800182
000585 2 2 0 0.685119
000586 2 2 0 0.656102
000587 2 1 0 0.704819
000588 2 1 0 0.678608
000589 2 2 0 0.808925
000590 2 2 0 0.829558
000591 2 2 0 0.768191
000592 2 2 0 0.795821
000593 2 1 0 0.649899
000594 2 2 0 0.767907
000595 2 2 0 0.776200
000596 2 2 0 0.785483
000597 2 2 0 0.755686
000598 2 2 0 0.782913
000599 2 1 0 0.595331
000600 2 2 0 0.747946
000601 2 2 0 0.805638
000602 2 2 0 0.771996
000603 2 2 0 0.811475
000604 2 2 0 0.816753
000605 2 2 0 0.798425
000606 2 2 0 0.828801
000607 2 2 0 0.817088
000608 2 2 0 0.783074
000609 2 1 0 0.660532
000610 2 1 0 0.622156
000611 2 1 0 0.632161
000612 2 1 0 0.632161
000613 2 1 0 0.881879
000614 2 2 0 0.769924
000615 2 1 0 1.002975
000616 2 2 0 0.860910
000617 2 2 0 0.795882
000618 2 2 0 0.839355
000619 2 2 0 0.846053
000620 2 2 0 0.839269
000621 2 1 0 0.937351
000622 2 1 0 1.034211
000623 2 2 0 0.757666
000624 2 1 0 0.942562
000625 2 1 0 0.814270
000626 2 1 0 0.627299
000627 2 2 0 0.720547
000628 2 2 0 0.689475
000629 2 0 0 0.000000
000630 2 0 0 0.000000
000631 2 2 0 0.704287
000632 2 1 0 0.625132
000633 2 1 0 0.642493
000634 2 1 0 0.605937
000635 2 1 0 0.598131
000636 2 1 0 0.632161
000637 2 2 0 0.766497
000638 2 2 0 0.779734
000639 2 1 0 0.615385
000640 2 2 0 0.795969
000641 2 1 0 0.615385
000642 2 2 0 0.809427
000643 2 1 0 0.594855
000644 2 1 0 0.625132
000645 2 1 0 0.642706
000646 2 1 0 0.625132
000647 2 1 0 0.632161
000648 2 1 0 0.704819
000649 2 1 0 0.704819
000650 2 1 0 0.689907
000651 2 1 0 0.569620
000652 2 2 0 0.779801
000653 2 1 0 0.604743
000654 2 1 0 0.553214
000655 2 2 0 0.834508
000656 2 2 0 0.823911
000657 2 2 0 0.696257
000658 2 2 0 0.768030
000659 2 2 0 0.711208
000660 2 1 0 0.781174
000661 2 1 0 0.656036
000662 2 1 0 0.817118
000663 2 1 0 0.508188
000664 2 0 0 0.000000
000665 2 2 0 0.743172
000666 2 1 0 0.563380
000667 2 1 0 0.373736
000668 2 1 0 0.697056
000669 2 1 0 0.582600
000670 2 0 0 0.000000
000671 2 0 0 0.000000
000672 2 0 0 0.000000
000673 2 1 0 0.975281
000674 2 1 0 0.892534
000675 2 0 0 0.000000
000676 2 0 0 0.000000
000677 2 2 0 0.754786
000678 2 2 0 0.747583
000679 2 0 0 0.000000
000680 2 1 0 0.561497
000681 2 1 0 0.561497
000682 2 1 0 0.508004
000683 2 0 0 0.000000
000684 2 1 0 0.442553
000685 2 1 0 0.569620
000686 2 0 0 0.000000
000687 2 0 0 0.000000
000688 2 2 0 0.514095
000689 2 2 0 0.538352
000690 2 2 0 0.551059
000691 2 0 0 0.000000
000692 2 0 0 0.000000
000693 2 0 0 0.000000
000694 2 1 0 0.578159
000695 2 0 0 0.000000
000696 2 1 0 0.492537
000697 2 2 0 0.657373
000698 2 2 0 0.792179
000699 2 2 0 0.736068
000700 2 1 0 0.923058
000701 2 1 0 0.923058
000702 2 0 0 0.000000
000703 2 0 0 0.000000
000704 2 0 0 0.000000
000705 2 0 0 0.000000
000706 2 0 0 0.000000
000707 2 0 0 0.000000
000708 2 0 0 0.000000
000709 2 0 0 0.000000
000710 2 1 0 0.598131
000711 2 0 0 0.000000
000712 2 1 0 0.615385
000713 2 0 0 0.000000
000714 2 0 0 0.000000
000715 2 0 0 0.000000
000716 2 0 0 0.000000
000717 2 0 0 0.000000
000718 2 0 0 0.000000
000719 2 0 0 0.000000
000720 2 0 0 0.000000
000721 2 0 0 0.000000
000722 2 0 0 0.000000
000723 2 0 0 0.000000
000724 2 0 0 0.000000
000725 2 0 0 0.000000
000726 2 0 0 0.000000
000727 2 1 0 0.538614
000728 2 1 0 0.580913
000729 2 0 0 0.000000
000730 2 0 0 0.000000
000731 2 0 0 0.000000
000732 2 1 0 0.563380
000733 2 0 0 0.000000
000734 2 0 0 0.000000
000735 2 0 0 0.000000
000736 2 0 0 0.000000
000737 2 0 0 0.000000
000738 2 0 0 0.000000
000739 2 0 0 0.000000
000740 2 0 0 0.000000
000741 2 0 0 0.000000
000742 2 1 0 0.508004
000743 2 1 0 0.508004
000744 1 0 0 0.000000
000745 1 1 0 0.498155
000746 1 1 0 0.477955
000747 1 1 0 0.432933
000748 1 0 0 0.000000
000749 1 1 0 0.491667
000750 1 0 0 0.000000
000751 1 1 0 0.491667
000752 1 1 0 0.476615
000753 1 1 0 0.444999
000754 1 1 0 0.457370
000755 1 1 0 0.409890
000756 1 1 0 0.384006
000757 1 1 0 0.388997
000758 1 1 0 0.358390
000759 1 1 0 0.409891
000760 1 1 0 0.384006
000761 1 1 0 0.384006
000762 1 1 0 0.384006
000763 1 1 0 0.373370
000764 1 1 0 0.388997
000765 1 1 0 0.384007
000766 1 1 0 0.388997
000767 1 1 0 0.405302
000768 1 1 0 0.463710
000769 1 1 0 0.440074
000770 1 1 0 0.452667
000771 1 1 0 0.427501
000772 1 1 0 0.471747
000773 1 1 0 0.427501
000774 1 1 0 0.440074
000775 1 1 0 0.440074
000776 1 1 0 0.440074
000777 1 1 0 0.427501
000778 1 1 0 0.427501
000779 1 1 0 0.371393
000780 1 1 0 0.427501
000781 1 1 0 0.386971
000782 1 1 0 0.386971
000783 1 1 0 0.375284
000784 1 1 0 0.375284
000785 1 1 0 0.440074
000786 1 1 0 0.386971
000787 1 1 0 0.375284
000788 1 1 0 0.445490
000789 1 1 0 0.415438
000790 1 1 0 0.445490
000791 1 1 0 0.391036
000792 1 1 0 0.403227
000793 1 1 0 0.403227
000794 1 1 0 0.415438
000795 1 0 0 0.000000
000796 1 1 0 0.445490
000797 1 1 0 0.458608
000798 1 1 0 0.415438
000799 1 1 0 0.445490
000800 1 1 0 0.458608
000801 1 1 0 0.471748
000802 1 0 0 0.000000
000803 1 1 0 0.391036
000804 1 0 0 0.000000
000805 1 0 0 0.000000
000806 1 0 0 0.000000
000807 1 0 0 0.000000
000808 1 0 0 0.000000
000809 1 1 0 0.445490
000810 1 0 0 0.000000
000811 1 0 0 0.000000
000812 1 0 0 0.000000
000813 1 0 0 0.000000
000814 1 0 0 0.000000
000815 1 0 0 0.000000
000816 1 0 0 0.000000
000817 1 0 0 0.000000
000818 1 1 0 0.464268
000819 1 0 0 0.000000
000820 1 1 0 0.498155
000821 1 1 0 0.498155
000822 1 1 0 0.491667
000823 1 1 0 0.477955
000824 1 1 0 0.539575
000825 1 0 0 0.000000
000826 1 1 0 0.491667
000827 1 0 0 0.000000
000828 1 0 0 0.000000
000829 1 1 0 0.477955
000830 1 1 0 0.539575
000831 1 1 0 0.477955
000832 1 0 0 0.000000
000833 1 0 0 0.000000
000834 1 0 0 0.000000
000835 1 0 0 0.000000
000836 1 0 0 0.000000
000837 1 0 0 0.000000
000838 1 0 0 0.000000
000839 1 0 0 0.000000
000840 1 0 0 0.000000
000841 1 0 0 0.000000
000842 1 0 0 0.000000
000843 1 0 0 0.000000
000844 1 0 0 0.000000
000845 1 0 0 0.000000
000846 1 0 0 0.000000
000847 1 0 0 0.000000
000848 1 0 0 0.000000
000849 1 0 0 0.000000
000850 1 0 0 0.000000
000851 1 0 0 0.000000
000852 1 0 0 0.000000
000853 1 0 0 0.000000
000854 1 0 0 0.000000
000855 1 0 0 0.000000
000856 1 0 0 0.000000
000857 1 0 0 0.000000
000858 1 0 0 0.000000
000859 1 1 0 0.420193
000860 1 0 0 0.000000
000861 1 0 0 0.000000
000862 1 0 0 0.000000
000863 1 0 0 0.000000
000864 1 0 0 0.000000
000865 1 0 0 0.000000
000866 1 0 0 0.000000
000867 1 0 0 0.000000
000868 1 0 0 0.000000
000869 1 1 0 0.420193
000870 1 0 0 0.000000
000871 1 0 0 0.000000
000872 1 1 0 0.464268
000873 1 1 0 0.464268
000874 1 1 0 0.464268
000875 1 0 0 0.000000
000876 1 0 0 0.000000
000877 1 0 0 0.000000
000878 1 0 0 0.000000
000879 1 0 0 0.000000
000880 1 1 0 0.477955
000881 1 1 0 0.477955
000882 1 1 0 0.477955
000883 1 1 0 0.477955
000884 1 0 0 0.000000
000885 1 0 0 0.000000
000886 1 1 0 0.420193
000887 1 0 0 0.000000
000888 1 0 0 0.000000
000889 1 1 0 0.420193
000890 1 1 0 0.432934
000891 1 0 0 0.000000
000892 1 0 0 0.000000
000893 1 0 0 0.000000
000894 1 0 0 0.000000
000895 1 0 0 0.000000
000896 1 0 0 0.000000
000897 1 0 0 0.000000
000898 1 0 0 0.000000
000899 1 0 0 0.000000
000900 1 1 0 0.464268
000901 1 0 0 0.000000
000902 1 1 0 0.420193
000903 1 0 0 0.000000
000904 1 0 0 0.000000
000905 1 0 0 0.000000
000906 1 0 0 0.000000
000907 1 0 0 0.000000
000908 1 0 0 0.000000
000909 1 0 0 0.000000
000910 1 0 0 0.000000
000911 1 0 0 0.000000
000912 1 0 0 0.000000
000913 1 0 0 0.000000
000914 1 0 0 0.000000
000915 1 0 0 0.000000
000916 1 0 0 0.000000
000917 1 0 0 0.000000
000918 1 1 0 0.437903
000919 1 1 0 0.437903
000920 1 0 0 0.000000
000921 1 0 0 0.000000
000922 1 1 0 0.424633
000923 1 0 0 0.000000
000924 1 0 0 0.000000
000925 1 1 0 0.512466
000926 1 1 0 0.469614
000927 1 0 0 0.000000
000928 1 0 0 0.000000
000929 1 0 0 0.000000
000930 1 0 0 0.000000
000931 1 1 0 0.437903
000932 1 1 0 0.483871
000933 1 1 0 0.424633
000934 1 0 0 0.000000
000935 1 0 0 0.000000
000936 1 0 0 0.000000
000937 1 0 0 0.000000
000938 1 0 0 0.000000
000939 1 1 0 0.483871
000940 1 0 0 0.000000
000941 1 0 0 0.000000
000942 1 1 0 0.498155
000943 1 1 0 0.393940
000944 1 0 0 0.000000
000945 1 1 0 0.424633
000946 1 1 0 0.498155
000947 1 1 0 0.451198
000948 1 1 0 0.437903
000949 1 1 0 0.424633
000950 1 0 0 0.000000
000951 1 0 0 0.000000
000952 1 0 0 0.000000
000953 1 0 0 0.000000
000954 1 0 0 0.000000
000955 1 0 0 0.000000
000956 1 0 0 0.000000
000957 1 0 0 0.000000
000958 1 0 0 0.000000
000959 1 0 0 0.000000
000960 1 0 0 0.000000
000961 1 0 0 0.000000
000962 1 0 0 0.000000
000963 1 0 0 0.000000
000964 1 0 0 0.000000
000965 1 0 0 0.000000
000966 1 0 0 0.000000
000967 1 1 0 0.437903
000968 1 1 0 0.512466
000969 1 1 0 0.498155
000970 1 1 0 0.512466
000971 1 1 0 0.498155
000972 1 1 0 0.562443
000973 1 1 0 0.512466
000974 1 0 0 0.000000
000975 1 0 0 0.000000
000976 1 0 0 0.000000
000977 1 0 0 0.000000
000978 1 0 0 0.000000
000979 1 0 0 0.000000
000980 1 0 0 0.000000
000981 1 0 0 0.000000
000982 1 0 0 0.000000
000983 1 0 0 0.000000
000984 1 1 0 0.424633
000985 1 1 0 0.437903
000986 1 0 0 0.000000
000987 1 1 0 0.483871
000988 1 1 0 0.483871
000989 1 0 0 0.000000
000990 1 1 0 0.437903
000991 1 0 0 0.000000
000992 1 0 0 0.000000
000993 1 0 0 0.000000
000994 1 0 0 0.000000
000995 1 0 0 0.000000
000996 1 0 0 0.000000
000997 1 0 0 0.000000
000998 1 0 0 0.000000
000999 1 0 0 0.000000
001000 1 0 0 0.000000
001001 1 1 0 0.424633
001002 1 1 0 0.424633
001003 1 1 0 0.424633
001004 1 1 0 0.437903
001005 1 1 0 0.437903
001006 1 0 0 0.000000
001007 1 0 0 0.000000
001008 1 0 0 0.000000
001009 1 0 0 0.000000
001010 1 0 0 0.000000
001011 1 0 0 0.000000
001012 1 0 0 0.000000
001013 1 0 0 0.000000
001014 1 0 0 0.000000
001015 1 0 0 0.000000
001016 1 0 0 0.000000
001017 1 1 0 0.469614
001018 1 1 0 0.437903
001019 1 1 0 0.483871
001020 1 1 0 0.451198
001021 1 1 0 0.437903
001022 1 0 0 0.000000
001023 1 1 0 0.393940
001024 1 0 0 0.000000
001025 1 0 0 0.000000
001026 1 1 0 0.483871
001027 1 1 0 0.437903
001028 1 0 0 0.000000
001029 1 0 0 0.000000
001030 1 0 0 0.000000
001031 1 0 0 0.000000
001032 1 0 0 0.000000
001033 1 0 0 0.000000
001034 1 0 0 0.000000
001035 1 0 0 0.000000
001036 1 0 0 0.000000
001037 1 0 0 0.000000
001038 1 0 0 0.000000
001039 1 0 0 0.000000
001040 1 0 0 0.000000
001041 1 0 0 0.000000
001042 1 0 0 0.000000
001043 1 0 0 0.000000
001044 1 0 0 0.000000
001045 1 0 0 0.000000
001046 1 0 0 0.000000
001047 1 0 0 0.000000
001048 1 0 0 0.000000
001049 1 0 0 0.000000
001050 1 0 0 0.000000
001051 1 0 0 0.000000
001052 1 0 0 0.000000
001053 1 0 0 0.000000
001054 1 0 0 0.000000
001055 1 0 0 0.000000
001056 1 0 0 0.000000
001057 1 0 0 0.000000
001058 1 0 0 0.000000
001059 1 0 0 0.000000
001060 1 0 0 0.000000
001061 1 0 0 0.000000
001062 1 0 0 0.000000
001063 1 0 0 0.000000
001064 1 0 0 0.000000
001065 1 0 0 0.000000
001066 1 0 0 0.000000
001067 1 0 0 0.000000
001068 1 0 0 0.000000
001069 1 0 0 0.000000
001070 1 0 0 0.000000
001071 1 0 0 0.000000
001072 1 0 0 0.000000
001073 1 0 0 0.000000
001074 1 0 0 0.000000
001075 1 0 0 0.000000
001076 1 1 0 0.532375
001077 1 0 0 0.000000
001078 1 0 0 0.000000
001079 1 0 0 0.000000
001080 1 0 0 0.000000
001081 1 1 0 0.483871
001082 1 0 0 0.000000
001083 1 1 0 0.424633
001084 1 1 0 0.483871
001085 1 1 0 0.437903
001086 1 1 0 0.424633
001087 1 1 0 0.451198
001088 1 1 0 0.393940
001089 1 1 0 0.424633
001090 1 1 0 0.424633
001091 1 1 0 0.424633
001092 1 1 0 0.424633
001093 1 0 0 0.000000
001094 1 0 0 0.000000
001095 1 0 0 0.000000
001096 1 0 0 0.000000
001097 1 0 0 0.000000
001098 1 0 0 0.000000
001099 1 0 0 0.000000
001100 1 0 0 0.000000
001101 1 0 0 0.000000
001102 1 0 0 0.000000
001103 1 1 0 0.424633
001104 1 0 0 0.000000
001105 1 0 0 0.000000
001106 1 0 0 0.000000
001107 1 1 0 0.424633
001108 1 0 0 0.000000
001109 1 1 0 0.437903
001110 1 0 0 0.000000
001111 1 1 0 0.483871
001112 1 1 0 0.437903
001113 1 1 0 0.437903
001114 1 1 0 0.424633
001115 1 1 0 0.437903
001116 1 1 0 0.483871
001117 1 1 0 0.483871
001118 1 1 0 0.424633
001119 1 1 0 0.437903
001120 1 1 0 0.424633
001121 1 0 0 0.000000
001122 1 0 0 0.000000
001123 1 0 0 0.000000
001124 1 0 0 0.000000
001125 1 0 0 0.000000
001126 1 0 0 0.000000
001127 1 0 0 0.000000
001128 1 0 0 0.000000
001129 1 0 0 0.000000
001130 1 0 0 0.000000
001131 1 0 0 0.000000
001132 1 0 0 0.000000
001133 1 1 0 0.424633
001134 1 0 0 0.000000
001135 1 0 0 0.000000
001136 1 0 0 0.000000
001137 1 0 0 0.000000
001138 1 0 0 0.000000
001139 1 0 0 0.000000
001140 1 0 0 0.000000
001141 1 0 0 0.000000
001142 1 0 0 0.000000
001143 1 0 0 0.000000
001144 1 0 0 0.000000
001145 1 0 0 0.000000
001146 1 0 0 0.000000
001147 1 0 0 0.000000
001148 1 0 0 0.000000
001149 1 0 0 0.000000
001150 1 0 0 0.000000
001151 1 0 0 0.000000
001152 1 0 0 0.000000
001153 1 0 0 0.000000
001154 1 0 0 0.000000
001155 1 0 0 0.000000
001156 1 0 0 0.000000
001157 1 0 0 0.000000
001158 1 0 0 0.000000
001159 1 0 0 0.000000
001160 1 0 0 0.000000
001161 1 0 0 0.000000
001162 1 0 0 0.000000
001163 1 0 0 0.000000
001164 1 0 0 0.000000
001165 1 0 0 0.000000
001166 1 0 0 0.000000
001167 1 0 0 0.000000
001168 1 0 0 0.000000
001169 1 0 0 0.000000
001170 1 0 0 0.000000
001171 1 0 0 0.000000
001172 1 0 0 0.000000
001173 1 0 0 0.000000
001174 1 0 0 0.000000
001175 1 0 0 0.000000
001176 1 0 0 0.000000
001177 1 0 0 0.000000
001178 1 0 0 0.000000
001179 1 0 0 0.000000
001180 1 0 0 0.000000
001181 1 0 0 0.000000
001182 1 0 0 0.000000
001183 1 0 0 0.000000
001184 1 0 0 0.000000
001185 1 0 0 0.000000
001186 1 0 0 0.000000
001187 1 0 0 0.000000
001188 1 0 0 0.000000
001189 1 0 0 0.000000
001190 1 0 0 0.000000
001191 1 0 0 0.000000
001192 1 0 0 0.000000
001193 1 0 0 0.000000
001194 1 0 0 0.000000
001195 1 0 0 0.000000
001196 1 0 0 0.000000
001197 1 0 0 0.000000
001198 1 0 0 0.000000
001199 1 0 0 0.000000
001200 1 0 0 0.000000
