000001 0 0 1 0.000000
000002 0 0 0 0.000000
000003 0 0 1 0.000000
000004 0 0 0 0.000000
000005 0 0 1 0.000000
000006 0 0 1 0.000000
000007 0 0 1 0.000000
000008 0 0 1 0.000000
000009 0 0 1 0.000000
000010 0 0 1 0.000000
000011 0 0 1 0.000000
000012 0 0 1 0.000000
000013 0 0 0 0.000000
000014 0 0 1 0.000000
000015 0 0 1 0.000000
000016 0 0 0 0.000000
000017 0 0 0 0.000000
000018 0 0 1 0.000000
000019 0 0 1 0.000000
000020 0 0 1 0.000000
000021 0 0 1 0.000000
000022 0 0 1 0.000000
000023 0 0 0 0.000000
000024 0 0 1 0.000000
000025 0 0 1 0.000000
000026 0 0 1 0.000000
000027 0 0 1 0.000000
000028 0 0 1 0.000000
000029 0 0 1 0.000000
000030 0 0 1 0.000000
000031 0 0 1 0.000000
000032 0 0 1 0.000000
000033 0 0 1 0.000000
000034 0 0 1 0.000000
000035 0 0 1 0.000000
000036 0 0 1 0.000000
000037 0 0 0 0.000000
000038 0 0 1 0.000000
000039 0 0 1 0.000000
000040 0 0 1 0.000000
000041 0 0 1 0.000000
000042 0 0 1 0.000000
000043 0 0 0 0.000000
000044 0 0 0 0.000000
000045 0 0 1 0.000000
000046 0 0 1 0.000000
000047 0 0 1 0.000000
000048 0 0 1 0.000000
000049 0 0 1 0.000000
000050 0 0 0 0.000000
000051 0 0 1 0.000000
000052 0 0 1 0.000000
000053 0 0 1 0.000000
000054 0 0 1 0.000000
000055 0 0 1 0.000000
000056 0 0 1 0.000000
000057 0 0 1 0.000000
000058 0 0 1 0.000000
000059 0 0 1 0.000000
000060 0 0 0 0.000000
000061 0 0 0 0.000000
000062 0 0 1 0.000000
000063 0 0 1 0.000000
000064 0 0 1 0.000000
000065 0 0 1 0.000000
000066 0 0 1 0.000000
000067 0 0 0 0.000000
000068 0 0 1 0.000000
000069 0 0 1 0.000000
000070 0 0 1 0.000000
000071 0 0 1 0.000000
000072 0 0 0 0.000000
000073 0 0 1 0.000000
000074 0 0 1 0.000000
000075 0 0 1 0.000000
000076 0 0 1 0.000000
000077 0 0 1 0.000000
000078 0 0 0 0.000000
000079 0 0 0 0.000000
000080 0 0 1 0.000000
000081 0 0 1 0.000000
000082 0 0 1 0.000000
000083 0 0 0 0.000000
000084 0 0 1 0.000000
000085 0 0 0 0.000000
000086 0 0 0 0.000000
000087 0 0 1 0.000000
000088 0 0 1 0.000000
000089 0 0 1 0.000000
000090 0 0 1 0.000000
000091 0 0 1 0.000000
000092 0 0 1 0.000000
000093 0 0 1 0.000000
000094 0 0 1 0.000000
000095 0 0 1 0.000000
000096 0 0 1 0.000000
000097 0 0 1 0.000000
000098 0 0 1 0.000000
000099 0 0 1 0.000000
000100 0 0 1 0.000000
000101 0 0 1 0.000000
000102 0 0 1 0.000000
000103 0 0 1 0.000000
000104 0 0 1 0.000000
000105 0 0 1 0.000000
000106 0 0 1 0.000000
000107 0 0 1 0.000000
000108 0 0 1 0.000000
000109 0 0 0 0.000000
000110 0 0 0 0.000000
000111 0 0 1 0.000000
000112 0 0 1 0.000000
000113 0 0 1 0.000000
000114 0 0 1 0.000000
000115 0 0 1 0.000000
000116 0 0 0 0.000000
000117 0 0 0 0.000000
000118 0 0 1 0.000000
000119 0 0 0 0.000000
000120 0 0 1 0.000000
000121 0 0 1 0.000000
000122 0 0 1 0.000000
000123 0 0 0 0.000000
000124 0 0 1 0.000000
000125 0 0 0 0.000000
000126 0 0 1 0.000000
000127 0 0 1 0.000000
000128 0 0 1 0.000000
000129 0 0 1 0.000000
000130 0 0 0 0.000000
000131 0 0 1 0.000000
000132 0 0 1 0.000000
000133 0 0 0 0.000000
000134 0 0 0 0.000000
000135 0 0 1 0.000000
000136 0 0 1 0.000000
000137 0 0 1 0.000000
000138 0 0 1 0.000000
000139 0 0 1 0.000000
000140 0 0 0 0.000000
000141 0 0 1 0.000000
000142 0 0 1 0.000000
000143 0 0 0 0.000000
000144 0 0 0 0.000000
000145 0 0 1 0.000000
000146 0 0 1 0.000000
000147 0 0 1 0.000000
000148 0 0 1 0.000000
000149 0 0 1 0.000000
000150 0 0 1 0.000000
000151 0 0 1 0.000000
000152 0 0 1 0.000000
000153 0 0 1 0.000000
000154 0 0 1 0.000000
000155 0 0 1 0.000000
000156 0 0 1 0.000000
000157 0 0 1 0.000000
000158 0 0 0 0.000000
000159 0 0 1 0.000000
000160 0 0 1 0.000000
000161 0 0 1 0.000000
000162 0 0 1 0.000000
000163 0 0 1 0.000000
000164 0 0 1 0.000000
000165 0 0 1 0.000000
000166 0 0 1 0.000000
000167 0 0 1 0.000000
000168 0 0 1 0.000000
000169 0 0 1 0.000000
000170 0 0 1 0.000000
000171 0 0 1 0.000000
000172 0 0 1 0.000000
000173 0 0 1 0.000000
000174 0 0 1 0.000000
000175 0 0 1 0.000000
000176 0 0 1 0.000000
000177 0 0 1 0.000000
000178 0 0 0 0.000000
000179 0 0 1 0.000000
000180 0 0 1 0.000000
000181 0 0 1 0.000000
000182 0 0 1 0.000000
000183 0 0 0 0.000000
000184 0 0 1 0.000000
000185 0 0 1 0.000000
000186 0 0 0 0.000000
000187 0 0 1 0.000000
000188 0 0 1 0.000000
000189 0 0 1 0.000000
000190 0 0 0 0.000000
000191 0 0 0 0.000000
000192 0 0 0 0.000000
000193 0 0 1 0.000000
000194 0 0 1 0.000000
000195 0 0 1 0.000000
000196 0 0 1 0.000000
000197 0 0 0 0.000000
000198 0 0 1 0.000000
000199 0 0 1 0.000000
000200 0 0 0 0.000000
000201 0 0 1 0.000000
000202 0 0 0 0.000000
000203 0 0 1 0.000000
000204 0 0 1 0.000000
000205 0 0 1 0.000000
000206 0 0 1 0.000000
000207 0 0 0 0.000000
000208 0 0 1 0.000000
000209 0 0 1 0.000000
000210 0 0 1 0.000000
000211 0 0 1 0.000000
000212 0 0 1 0.000000
000213 0 0 1 0.000000
000214 0 0 1 0.000000
000215 0 0 0 0.000000
000216 0 0 0 0.000000
000217 0 0 0 0.000000
000218 0 0 2 0.000000
000219 1 0 0 0.000000
000220 1 0 1 0.000000
000221 1 0 1 0.000000
000222 1 0 1 0.000000
000223 1 0 1 0.000000
000224 1 0 1 0.000000
000225 1 1 1 0.356822
000226 1 0 1 0.000000
000227 1 0 0 0.000000
000228 1 0 0 0.000000
000229 1 0 1 0.000000
000230 1 0 1 0.000000
000231 1 0 1 0.000000
000232 1 0 1 0.000000
000233 1 0 1 0.000000
000234 1 0 1 0.000000
000235 1 0 1 0.000000
000236 1 0 0 0.000000
000237 1 0 0 0.000000
000238 1 0 0 0.000000
000239 1 0 0 0.000000
000240 1 0 0 0.000000
000241 1 0 0 0.000000
000242 1 0 0 0.000000
000243 1 0 0 0.000000
000244 1 0 0 0.000000
000245 1 0 0 0.000000
000246 1 0 0 0.000000
000247 1 0 0 0.000000
000248 1 0 0 0.000000
000249 1 0 0 0.000000
000250 1 0 0 0.000000
000251 1 0 0 0.000000
000252 1 0 0 0.000000
000253 1 0 0 0.000000
000254 1 0 0 0.000000
000255 1 0 0 0.000000
000256 1 0 0 0.000000
000257 1 0 0 0.000000
000258 1 0 0 0.000000
000259 1 0 0 0.000000
000260 1 0 0 0.000000
000261 1 0 0 0.000000
000262 1 0 0 0.000000
000263 1 0 0 0.000000
000264 1 0 0 0.000000
000265 1 0 0 0.000000
000266 1 0 0 0.000000
000267 1 0 0 0.000000
000268 1 0 0 0.000000
000269 1 1 0 0.713643
000270 1 0 0 0.000000
000271 1 0 0 0.000000
000272 1 0 0 0.000000
000273 1 0 0 0.000000
000274 1 0 1 0.000000
000275 1 0 1 0.000000
000276 1 0 1 0.000000
000277 1 0 1 0.000000
000278 1 0 1 0.000000
000279 1 0 1 0.000000
000280 1 0 1 0.000000
000281 1 0 1 0.000000
000282 1 0 0 0.000000
000283 1 0 1 0.000000
000284 1 0 1 0.000000
000285 1 0 1 0.000000
000286 1 0 1 0.000000
000287 1 0 1 0.000000
000288 1 0 1 0.000000
000289 1 0 1 0.000000
000290 1 0 0 0.000000
000291 1 0 1 0.000000
000292 1 0 1 0.000000
000293 1 0 1 0.000000
000294 1 1 1 0.340116
000295 1 0 1 0.000000
000296 1 0 1 0.000000
000297 1 0 0 0.000000
000298 1 0 1 0.000000
000299 1 0 1 0.000000
000300 1 0 0 0.000000
000301 1 0 1 0.000000
000302 1 1 0 0.735736
000303 1 0 0 0.000000
000304 1 0 1 0.000000
000305 1 0 1 0.000000
000306 1 0 0 0.000000
000307 1 0 1 0.000000
000308 1 0 0 0.000000
000309 1 0 1 0.000000
000310 1 0 0 0.000000
000311 1 0 1 0.000000
000312 1 0 0 0.000000
000313 1 0 1 0.000000
000314 1 0 1 0.000000
000315 1 0 1 0.000000
000316 1 0 1 0.000000
000317 1 0 1 0.000000
000318 1 0 1 0.000000
000319 1 1 1 0.406627
000320 1 0 1 0.000000
000321 1 0 1 0.000000
000322 1 0 1 0.000000
000323 1 0 1 0.000000
000324 1 1 1 0.394737
000325 1 1 1 0.459909
000326 1 0 1 0.000000
000327 1 0 0 0.000000
000328 1 1 1 0.309524
000329 1 0 1 0.000000
000330 1 0 1 0.000000
000331 1 0 1 0.000000
000332 1 0 0 0.000000
000333 1 0 0 0.000000
000334 1 0 1 0.000000
000335 1 0 1 0.000000
000336 1 0 1 0.000000
000337 1 0 1 0.000000
000338 1 1 1 0.301090
000339 1 0 1 0.000000
000340 1 0 1 0.000000
000341 1 0 1 0.000000
000342 1 0 1 0.000000
000343 1 0 0 0.000000
000344 1 0 1 0.000000
000345 1 0 1 0.000000
000346 1 0 1 0.000000
000347 1 0 0 0.000000
000348 1 0 1 0.000000
000349 1 0 1 0.000000
000350 1 0 1 0.000000
000351 1 0 1 0.000000
000352 1 0 1 0.000000
000353 1 0 1 0.000000
000354 1 0 1 0.000000
000355 1 0 1 0.000000
000356 1 0 1 0.000000
000357 1 0 1 0.000000
000358 1 0 0 0.000000
000359 1 0 1 0.000000
000360 1 0 0 0.000000
000361 1 0 1 0.000000
000362 1 0 1 0.000000
000363 1 0 1 0.000000
000364 1 0 0 0.000000
000365 1 0 0 0.000000
000366 1 0 1 0.000000
000367 1 0 1 0.000000
000368 1 0 1 0.000000
000369 1 0 1 0.000000
000370 1 0 1 0.000000
000371 1 0 1 0.000000
000372 1 0 1 0.000000
000373 1 0 1 0.000000
000374 1 0 1 0.000000
000375 1 0 0 0.000000
000376 1 0 0 0.000000
000377 1 0 1 0.000000
000378 1 0 1 0.000000
000379 1 0 0 0.000000
000380 1 0 1 0.000000
000381 1 0 1 0.000000
000382 1 0 1 0.000000
000383 1 0 1 0.000000
000384 1 0 0 0.000000
000385 1 0 1 0.000000
000386 1 0 1 0.000000
000387 1 0 1 0.000000
000388 1 0 0 0.000000
000389 1 0 1 0.000000
000390 1 0 1 0.000000
000391 1 0 1 0.000000
000392 1 0 1 0.000000
000393 1 0 0 0.000000
000394 1 0 1 0.000000
000395 1 0 1 0.000000
000396 1 0 1 0.000000
000397 1 0 1 0.000000
000398 1 0 0 0.000000
000399 1 0 1 0.000000
000400 1 0 1 0.000000
000401 1 0 0 0.000000
000402 1 0 1 0.000000
000403 1 0 0 0.000000
000404 1 0 1 0.000000
000405 1 0 1 0.000000
000406 1 0 1 0.000000
000407 1 0 1 0.000000
000408 1 0 1 0.000000
000409 1 0 1 0.000000
000410 1 0 1 0.000000
000411 1 0 1 0.000000
000412 1 0 0 0.000000
000413 1 0 1 0.000000
000414 1 0 1 0.000000
000415 1 0 1 0.000000
000416 1 0 1 0.000000
000417 1 0 1 0.000000
000418 1 0 1 0.000000
000419 1 0 1 0.000000
000420 1 0 1 0.000000
000421 1 0 1 0.000000
000422 1 0 1 0.000000
000423 1 0 0 0.000000
000424 1 0 1 0.000000
000425 1 0 0 0.000000
000426 1 0 0 0.000000
000427 1 0 1 0.000000
000428 1 0 1 0.000000
000429 1 0 1 0.000000
000430 1 0 1 0.000000
000431 1 0 1 0.000000
000432 1 0 1 0.000000
000433 1 0 1 0.000000
000434 1 0 1 0.000000
000435 1 0 1 0.000000
000436 1 0 0 0.000000
000437 1 0 0 0.000000
000438 1 0 1 0.000000
000439 1 0 1 0.000000
000440 1 1 0 0.473029
000441 1 0 0 0.000000
000442 1 0 0 0.000000
000443 1 0 1 0.000000
000444 1 0 1 0.000000
000445 1 0 1 0.000000
000446 1 0 1 0.000000
000447 1 0 1 0.000000
000448 1 0 1 0.000000
000449 1 0 1 0.000000
000450 1 0 1 0.000000
000451 1 0 1 0.000000
000452 1 0 1 0.000000
000453 1 0 1 0.000000
000454 1 0 1 0.000000
000455 1 0 1 0.000000
000456 1 0 1 0.000000
000457 1 0 0 0.000000
000458 1 0 1 0.000000
000459 1 0 1 0.000000
000460 1 0 1 0.000000
000461 1 0 1 0.000000
000462 1 0 1 0.000000
000463 1 0 0 0.000000
000464 1 0 1 0.000000
000465 1 0 1 0.000000
000466 1 0 1 0.000000
000467 1 0 1 0.000000
000468 1 0 1 0.000000
000469 1 0 1 0.000000
000470 1 0 0 0.000000
000471 1 0 1 0.000000
000472 1 0 1 0.000000
000473 1 1 1 0.309524
000474 1 0 1 0.000000
000475 1 0 0 0.000000
000476 1 0 1 0.000000
000477 1 0 0 0.000000
000478 1 0 0 0.000000
000479 1 0 1 0.000000
000480 1 0 0 0.000000
000481 1 0 0 0.000000
000482 1 0 1 0.000000
000483 1 0 1 0.000000
000484 1 0 1 0.000000
000485 1 0 0 0.000000
000486 1 0 1 0.000000
000487 1 0 1 0.000000
000488 1 0 0 0.000000
000489 1 0 1 0.000000
000490 1 0 1 0.000000
000491 1 0 1 0.000000
000492 1 0 1 0.000000
000493 1 0 1 0.000000
000494 1 0 1 0.000000
000495 1 0 1 0.000000
000496 1 0 1 0.000000
000497 1 0 1 0.000000
000498 1 0 0 0.000000
000499 1 0 1 0.000000
000500 1 0 1 0.000000
