000001 2 0 2 0.000000
000002 2 2 0 0.655082
000003 2 2 0 0.667825
000004 2 2 0 0.707274
000005 2 2 0 0.688162
000006 2 2 0 0.698727
000007 2 2 0 0.649718
000008 2 2 0 0.688656
000009 2 2 0 0.651896
000010 2 2 0 0.650366
000011 2 2 0 0.690852
000012 2 2 0 0.674477
000013 2 2 1 0.449962
000014 2 2 1 0.459104
000015 2 2 1 0.452417
000016 2 2 1 0.475822
000017 2 2 0 0.680398
000018 2 2 0 0.688656
000019 2 2 0 0.686524
000020 2 2 0 0.664807
000021 2 2 0 0.681793
000022 2 2 0 0.685880
000023 2 2 0 0.691983
000024 2 2 0 0.701315
000025 2 2 0 0.679239
000026 2 2 0 0.630290
000027 2 2 0 0.660972
000028 2 2 0 0.653470
000029 2 2 0 0.693663
000030 2 2 1 0.424864
000031 2 2 0 0.630869
000032 2 2 0 0.686269
000033 2 2 0 0.642421
000034 2 2 0 0.672586
000035 2 2 0 0.655491
000036 2 2 0 0.709173
000037 2 2 0 0.668860
000038 2 2 0 0.714529
000039 2 2 0 0.658126
000040 2 2 0 0.722062
000041 2 2 0 0.683747
000042 2 2 0 0.701680
000043 2 2 0 0.674944
000044 2 2 1 0.452596
000045 2 2 0 0.676967
000046 2 2 0 0.706262
000047 2 2 0 0.686003
000048 2 2 0 0.715584
000049 2 2 1 0.457682
000050 2 2 0 0.672402
000051 2 2 0 0.686003
000052 2 2 0 0.733189
000053 2 2 1 0.458504
000054 2 2 0 0.702162
000055 2 2 1 0.447795
000056 2 2 1 0.472727
000057 2 2 1 0.449078
000058 2 2 0 0.684223
000059 2 2 0 0.673063
000060 2 2 0 0.706262
000061 2 2 0 0.673618
000062 2 2 0 0.682505
000063 2 2 0 0.702665
000064 2 2 0 0.656890
000065 2 2 0 0.692091
000066 2 2 0 0.683748
000067 2 2 0 0.657014
000068 2 2 1 0.470842
000069 2 2 0 0.686524
000070 2 2 0 0.720819
000071 2 2 0 0.668555
000072 2 2 1 0.464132
000073 2 2 0 0.668555
000074 2 2 0 0.656890
000075 2 2 1 0.468960
000076 2 2 1 0.445683
000077 2 2 0 0.692091
000078 2 2 0 0.683175
000079 2 2 1 0.459900
000080 2 2 0 0.639925
000081 2 2 0 0.678626
000082 2 2 0 0.670590
000083 2 2 0 0.675781
000084 2 2 0 0.671004
000085 2 2 0 0.670779
000086 2 2 0 0.686759
000087 2 2 0 0.668946
000088 2 2 0 0.703700
000089 2 2 0 0.668343
000090 2 2 0 0.700045
000091 2 2 0 0.651981
000092 2 2 0 0.693755
000093 2 2 0 0.715584
000094 2 2 0 0.675580
000095 2 2 0 0.702162
000096 2 2 0 0.689932
000097 2 2 0 0.706262
000098 2 2 1 0.460990
000099 2 2 0 0.684746
000100 2 2 0 0.685880
000101 2 2 0 0.701681
000102 2 2 0 0.712736
000103 2 2 1 0.456163
000104 2 2 0 0.642539
000105 2 2 0 0.672189
000106 2 2 0 0.688316
000107 2 2 0 0.687021
000108 2 2 0 0.686624
000109 2 2 1 0.455743
000110 2 2 0 0.696709
000111 2 2 0 0.703440
000112 2 2 0 0.672713
000113 2 2 0 0.662606
000114 2 2 0 0.676231
000115 2 2 0 0.701681
000116 2 2 0 0.671004
000117 2 2 0 0.701670
000118 2 2 0 0.682141
000119 2 2 1 0.465537
000120 2 2 1 0.437940
000121 2 2 0 0.652622
000122 2 2 0 0.653761
000123 2 2 0 0.691523
000124 2 2 0 0.664807
000125 2 2 0 0.704691
000126 2 2 0 0.688110
000127 2 2 0 0.676438
000128 2 2 0 0.658372
000129 2 2 1 0.450520
000130 2 2 1 0.437172
000131 2 2 0 0.657988
000132 2 2 1 0.437558
000133 2 2 0 0.680661
000134 2 2 0 0.646494
000135 2 2 0 0.670590
000136 2 2 0 0.666799
000137 2 2 0 0.674413
000138 2 2 1 0.443420
000139 2 2 0 0.653723
000140 2 2 0 0.656970
000141 2 2 0 0.646893
000142 2 2 0 0.656728
000143 2 2 0 0.631417
000144 2 2 0 0.647528
000145 2 2 0 0.666352
000146 2 2 0 0.638169
000147 2 2 1 0.441717
000148 2 2 0 0.696056
000149 2 2 0 0.644510
000150 2 2 0 0.669505
000151 2 2 0 0.664605
000152 2 2 1 0.477129
000153 2 2 0 0.698306
000154 2 2 0 0.686624
000155 2 2 0 0.631487
000156 2 2 0 0.702793
000157 2 2 0 0.640563
000158 2 2 1 0.429699
000159 2 2 0 0.671403
000160 2 2 1 0.437819
000161 2 2 0 0.659747
000162 2 2 0 0.719053
000163 2 2 0 0.705115
000164 2 2 0 0.666352
000165 2 2 1 0.455901
000166 2 2 0 0.703023
000167 2 2 0 0.697517
000168 2 2 0 0.691523
000169 2 2 0 0.737340
000170 2 2 1 0.488533
000171 2 2 1 0.446337
000172 2 2 1 0.461015
000173 2 2 0 0.726897
000174 2 2 1 0.467544
000175 2 2 0 0.686624
000176 2 2 0 0.691523
000177 2 2 0 0.699783
000178 2 2 0 0.698306
000179 2 2 0 0.670283
000180 2 2 1 0.453774
000181 2 2 0 0.661561
000182 2 2 0 0.707068
000183 2 2 0 0.687639
000184 2 2 1 0.444235
000185 2 2 0 0.664255
000186 2 2 0 0.749350
000187 2 2 0 0.673419
000188 2 2 0 0.688513
000189 2 2 1 0.468703
000190 2 2 0 0.657399
000191 2 2 0 0.675110
000192 2 2 0 0.703055
000193 2 2 0 0.656910
000194 2 2 1 0.445633
000195 2 2 1 0.457327
000196 2 2 1 0.447795
000197 2 2 0 0.669505
000198 2 2 0 0.669505
000199 2 2 1 0.458014
000200 2 2 0 0.671368
000201 2 2 0 0.658372
000202 2 2 0 0.703055
000203 2 2 1 0.466139
000204 2 2 0 0.720550
000205 2 2 0 0.703055
000206 2 2 0 0.749350
000207 2 2 0 0.720550
000208 2 2 0 0.691523
000209 2 2 0 0.706450
000210 2 2 0 0.703867
000211 2 2 0 0.685306
000212 2 2 0 0.699263
000213 2 2 0 0.735833
000214 2 2 0 0.700045
000215 2 2 0 0.696709
000216 2 2 0 0.736076
000217 2 2 0 0.689849
000218 2 2 0 0.705624
000219 2 2 0 0.688513
000220 2 2 0 0.736445
000221 2 2 0 0.673419
000222 2 2 0 0.699209
000223 2 2 0 0.689587
000224 2 2 1 0.468703
000225 2 2 0 0.678318
000226 2 2 0 0.685306
000227 2 2 0 0.690206
000228 2 2 0 0.683684
000229 2 2 0 0.695352
000230 2 2 0 0.672282
000231 2 2 0 0.705150
000232 2 2 0 0.710339
000233 2 2 0 0.685282
000234 2 2 0 0.705150
000235 2 2 0 0.659572
000236 2 2 1 0.450326
000237 2 2 0 0.692126
000238 2 2 0 0.689849
000239 2 2 0 0.720550
000240 2 2 0 0.735308
000241 2 2 0 0.732800
000242 2 2 0 0.700486
000243 2 2 0 0.703055
000244 2 2 0 0.712391
000245 2 2 0 0.695396
000246 2 2 0 0.747879
000247 2 2 0 0.736071
000248 2 2 1 0.514242
000249 2 2 0 0.735630
000250 2 2 0 0.699209
000251 2 2 0 0.678318
000252 2 2 0 0.691523
000253 2 2 0 0.654884
000254 2 2 0 0.643702
000255 2 2 0 0.649329
000256 2 2 0 0.611517
000257 2 2 0 0.625420
000258 2 2 0 0.647918
000259 2 1 0 0.716587
000260 2 2 1 0.444773
000261 2 2 0 0.647357
000262 2 2 0 0.653596
000263 2 1 0 0.761411
000264 2 2 0 0.660077
000265 2 1 0 0.750808
000266 2 2 0 0.633066
000267 2 2 0 0.655272
000268 2 1 0 0.780661
000269 2 2 0 0.657243
000270 2 1 1 0.402580
000271 2 2 0 0.646331
000272 2 1 1 0.369022
000273 2 2 0 0.668577
000274 2 2 0 0.656757
000275 2 2 0 0.664054
000276 2 2 0 0.648993
000277 2 2 0 0.606394
000278 2 2 0 0.662098
000279 2 2 0 0.632022
000280 2 2 0 0.598462
000281 2 2 1 0.411588
000282 2 2 1 0.411947
000283 2 2 0 0.654424
000284 2 2 0 0.576570
000285 2 1 0 0.777144
000286 2 1 0 0.747390
000287 2 1 0 0.746117
000288 2 1 0 0.744634
000289 2 1 1 0.370756
000290 2 2 1 0.448679
000291 2 1 1 0.402580
000292 2 1 0 0.709588
000293 2 1 0 0.780662
000294 2 2 0 0.688334
000295 2 1 0 0.731571
000296 2 1 1 0.390331
000297 2 2 1 0.380064
000298 2 1 0 0.780662
000299 2 2 0 0.713948
000300 2 2 1 0.374162
000301 2 1 0 0.780662
000302 2 1 0 0.819680
000303 2 1 0 0.773872
000304 2 1 1 0.354794
000305 2 2 0 0.685267
000306 2 3 0 0.644154
000307 2 2 0 0.605860
000308 2 2 0 0.697384
000309 2 2 0 0.638982
000310 2 2 0 0.661880
000311 2 2 0 0.664256
000312 2 3 0 0.544432
000313 2 2 0 0.680103
000314 2 2 1 0.391941
000315 2 1 0 0.734953
000316 2 3 1 0.435180
000317 2 2 0 0.634110
000318 2 2 0 0.675588
000319 2 1 1 0.357455
000320 2 1 1 0.386936
000321 2 1 1 0.365786
000322 2 1 0 0.734953
000323 2 2 1 0.436737
000324 2 1 0 0.697468
000325 2 2 0 0.680103
000326 2 2 0 0.650504
000327 2 1 0 0.738045
000328 2 2 0 0.614729
000329 2 1 0 0.750809
000330 2 2 0 0.623587
000331 2 2 1 0.447338
000332 2 1 0 0.731571
000333 2 1 0 0.768276
000334 2 2 0 0.641256
000335 2 2 0 0.641688
000336 2 1 0 0.731571
000337 2 1 0 0.731571
000338 2 1 1 0.372197
000339 2 2 0 0.614729
000340 2 2 0 0.622396
000341 2 2 0 0.617901
000342 2 1 1 0.351738
000343 2 2 1 0.404997
000344 2 2 0 0.680266
000345 2 1 0 0.679789
000346 2 2 0 0.603738
000347 2 2 0 0.615776
000348 2 2 0 0.603738
000349 2 1 0 0.728509
000350 2 1 0 0.773872
000351 2 1 0 0.731571
000352 2 1 0 0.728509
000353 2 1 0 0.706557
000354 2 2 0 0.633338
000355 2 2 0 0.626768
000356 2 1 0 0.731571
000357 2 1 0 0.734953
000358 2 1 0 0.780662
000359 2 2 1 0.405982
000360 2 2 1 0.430080
000361 2 2 0 0.641688
000362 2 2 0 0.611217
000363 2 2 1 0.429336
000364 2 2 0 0.656702
000365 2 2 0 0.637291
000366 2 2 0 0.640528
000367 2 2 1 0.412860
000368 2 2 1 0.408480
000369 2 2 0 0.628459
000370 2 2 1 0.410517
000371 2 1 0 0.731571
000372 2 3 0 0.573267
000373 2 2 0 0.664256
000374 2 2 0 0.622246
000375 2 2 0 0.623587
000376 2 1 0 0.731571
000377 2 2 0 0.616185
000378 2 1 0 0.700471
000379 2 2 0 0.615153
000380 2 1 0 0.736768
000381 2 1 0 0.703476
000382 2 1 0 0.712713
000383 2 1 0 0.741512
000384 2 1 0 0.773872
000385 2 1 0 0.744394
000386 2 1 0 0.703476
000387 2 1 0 0.714909
000388 2 1 1 0.354794
000389 2 2 0 0.744761
000390 2 1 0 0.738045
000391 2 2 0 0.753623
000392 2 2 1 0.503528
000393 2 2 0 0.645468
000394 2 1 1 0.390331
000395 2 1 0 0.738088
000396 2 2 0 0.652081
000397 2 2 0 0.676893
000398 2 2 0 0.647827
000399 2 2 0 0.691385
000400 2 2 0 0.680599
000401 2 2 0 0.696388
000402 2 2 0 0.682469
000403 2 2 0 0.698804
000404 2 2 0 0.698804
000405 2 2 0 0.696425
000406 2 2 0 0.663875
000407 2 2 0 0.680492
000408 2 2 0 0.660394
000409 2 2 0 0.660497
000410 2 2 1 0.476227
000411 2 2 0 0.681257
000412 2 2 0 0.642670
000413 2 2 1 0.472103
000414 2 2 0 0.678318
000415 2 2 0 0.647422
000416 2 2 0 0.646411
000417 2 2 1 0.448687
000418 2 2 0 0.666255
000419 2 2 0 0.654183
000420 2 2 0 0.656356
000421 2 2 0 0.670101
000422 2 2 0 0.627433
000423 2 2 0 0.664997
000424 2 2 0 0.678108
000425 2 2 1 0.434559
000426 2 2 0 0.650113
000427 2 2 0 0.648649
000428 2 2 0 0.633848
000429 2 2 0 0.637398
000430 2 2 0 0.679086
000431 2 2 1 0.443361
000432 2 2 0 0.638634
000433 2 2 1 0.427039
000434 2 2 0 0.624266
000435 2 2 0 0.654617
000436 2 2 0 0.668564
000437 2 2 1 0.444139
000438 2 2 1 0.445710
000439 2 2 0 0.665911
000440 2 2 0 0.625720
000441 2 2 0 0.661188
000442 2 2 0 0.640333
000443 2 2 1 0.443138
000444 2 2 1 0.421589
000445 2 2 0 0.650753
000446 2 2 0 0.615865
000447 2 2 0 0.640939
000448 2 2 1 0.424803
000449 2 1 1 0.361531
000450 2 2 0 0.641475
000451 2 0 0 0.000000
000452 2 1 0 0.412317
000453 2 1 1 0.345374
000454 2 1 0 0.687760
000455 2 1 0 0.683900
000456 2 0 0 0.000000
000457 2 0 0 0.000000
000458 2 0 1 0.000000
000459 2 0 0 0.000000
000460 2 0 0 0.000000
000461 2 1 0 0.540853
000462 2 0 0 0.000000
000463 2 0 1 0.000000
000464 2 0 1 0.000000
000465 2 0 0 0.000000
000466 2 0 0 0.000000
000467 2 0 0 0.000000
000468 2 0 0 0.000000
000469 2 0 0 0.000000
000470 2 0 1 0.000000
000471 2 0 0 0.000000
000472 2 0 0 0.000000
000473 2 0 1 0.000000
000474 2 0 0 0.000000
000475 1 0 0 0.000000
000476 1 0 0 0.000000
000477 1 0 0 0.000000
000478 1 0 0 0.000000
000479 1 1 1 0.327392
000480 1 0 0 0.000000
000481 1 0 2 0.008246
000482 1 0 2 0.017185
000483 1 0 2 0.015151
000484 1 0 2 0.015263
000485 1 0 0 0.000000
000486 1 1 0 0.651108
000487 1 0 0 0.000000
000488 1 0 0 0.000000
000489 1 0 0 0.000000
000490 1 0 0 0.000000
000491 1 1 0 0.602038
000492 1 1 0 0.501419
000493 1 1 0 0.535625
000494 1 1 0 0.615239
000495 1 1 0 0.559839
000496 1 1 0 0.615239
000497 1 1 0 0.604564
000498 1 1 0 0.489959
000499 1 1 0 0.517670
000500 1 1 0 0.449850
000501 1 1 0 0.429849
000502 1 1 1 0.210923
000503 1 1 0 0.550420
000504 1 1 0 0.558909
000505 1 1 0 0.525176
000506 1 1 0 0.534623
000507 1 1 1 0.245098
000508 1 1 0 0.460123
000509 1 0 1 0.000000
000510 1 0 0 0.000000
000511 1 0 0 0.000000
000512 1 0 0 0.000000
000513 1 0 0 0.000000
000514 1 0 1 0.000000
000515 1 0 0 0.000000
000516 1 0 0 0.000000
000517 1 0 1 0.000000
000518 1 1 0 0.336858
000519 1 0 0 0.000000
000520 1 0 0 0.000000
000521 1 0 0 0.000000
000522 1 0 0 0.000000
000523 1 0 1 0.000000
000524 1 0 0 0.000000
000525 1 0 0 0.000000
000526 1 0 0 0.000000
000527 1 0 0 0.000000
000528 1 1 0 0.678658
000529 1 0 1 0.134894
000530 1 0 0 0.000000
000531 1 1 2 0.202333
000532 1 0 1 0.000000
000533 1 1 1 0.278911
000534 2 1 2 0.201023
000535 2 2 0 0.659686
000536 2 2 1 0.470152
000537 2 2 0 0.650493
000538 2 2 1 0.397120
000539 2 2 0 0.645624
000540 2 2 0 0.648718
000541 2 2 1 0.426197
000542 2 2 0 0.628974
000543 2 2 0 0.675712
000544 2 2 0 0.678576
000545 2 2 0 0.673323
000546 2 1 0 0.878788
000547 2 2 0 0.636275
000548 2 2 0 0.636777
000549 2 1 1 0.420432
000550 2 2 0 0.681197
000551 2 2 0 0.681707
000552 2 2 0 0.648190
000553 2 2 1 0.429437
000554 2 2 0 0.681110
000555 2 2 0 0.715718
000556 2 2 0 0.693343
000557 2 2 0 0.707338
000558 2 2 0 0.710407
000559 2 2 0 0.736925
000560 2 2 0 0.718236
000561 2 2 0 0.745038
000562 2 2 0 0.732336
000563 2 2 1 0.470433
000564 2 2 0 0.707336
000565 2 2 0 0.700206
000566 2 2 0 0.754996
000567 2 2 0 0.690539
000568 2 2 0 0.689278
000569 2 2 0 0.704009
000570 2 2 1 0.470198
000571 2 2 0 0.713513
000572 2 2 0 0.700288
000573 2 2 0 0.698631
000574 2 2 0 0.696272
000575 2 2 1 0.477196
000576 2 2 0 0.670944
000577 2 2 0 0.683725
000578 2 2 1 0.451560
000579 2 2 0 0.657301
000580 2 2 0 0.846084
000581 2 2 0 0.825279
000582 2 2 0 0.819903
000583 2 2 1 0.531744
000584 2 2 0 0.832453
000585 2 2 0 0.774730
000586 2 2 0 0.767436
000587 2 2 0 0.751299
000588 2 2 0 0.759090
000589 2 2 0 0.817064
000590 2 2 0 0.787497
000591 2 2 0 0.764010
000592 2 2 0 0.796142
000593 2 2 1 0.547943
000594 2 1 0 0.889693
000595 2 2 0 0.796110
000596 2 2 0 0.744563
000597 2 2 0 0.828035
000598 2 2 0 0.832164
000599 2 2 1 0.565304
000600 2 2 0 0.775806
000601 2 2 0 0.829555
000602 2 2 1 0.573265
000603 2 2 1 0.532439
000604 2 2 0 0.825453
000605 2 2 0 0.778401
000606 2 2 0 0.824469
000607 2 1 0 0.881789
000608 2 1 1 0.473829
000609 2 1 0 0.947658
000610 2 1 0 0.911122
000611 2 1 0 0.891084
000612 2 1 1 0.442266
000613 2 2 0 0.744720
000614 2 2 1 0.500350
000615 2 2 2 0.406798
000616 2 2 1 0.547006
000617 2 2 1 0.494961
000618 2 2 0 0.764153
000619 2 2 0 0.745275
000620 2 2 0 0.723973
000621 2 2 1 0.522556
000622 2 2 0 0.712104
000623 2 2 1 0.478034
000624 2 2 0 0.756772
000625 2 2 0 0.807979
000626 2 2 2 0.422557
000627 2 2 1 0.502724
000628 2 2 1 0.517866
000629 2 2 1 0.545391
000630 2 2 1 0.558204
000631 2 2 1 0.549654
000632 2 2 1 0.606387
000633 2 1 1 0.515571
000634 2 2 1 0.557437
000635 2 1 1 0.533522
000636 2 1 1 0.519307
000637 2 2 1 0.544769
000638 2 2 2 0.399199
000639 2 2 1 0.580348
000640 2 2 1 0.589011
000641 2 2 1 0.569878
000642 2 2 1 0.581445
000643 2 2 1 0.544646
000644 2 2 1 0.540353
000645 2 2 2 0.407004
000646 2 1 2 0.331824
000647 2 1 1 0.485045
000648 2 2 1 0.552935
000649 2 1 1 0.506973
000650 2 1 0 0.866066
000651 2 1 1 0.431409
000652 2 1 1 0.450527
000653 2 1 2 0.339728
000654 2 1 1 0.468519
000655 2 2 0 0.728817
000656 2 2 0 0.742683
000657 2 2 0 0.718614
000658 2 1 0 0.626818
000659 2 2 0 0.680246
000660 2 2 0 0.648181
000661 2 1 0 0.371910
000662 2 1 0 0.345028
000663 2 2 0 0.720225
000664 2 2 0 0.688446
000665 2 2 1 0.468242
000666 2 2 1 0.527332
000667 2 0 1 0.257984
000668 2 1 0 0.858784
000669 2 2 0 0.659154
000670 2 2 0 0.629657
000671 2 2 0 0.754937
000672 2 2 0 0.755398
000673 2 2 0 0.682160
000674 2 2 0 0.690296
000675 2 1 0 0.952029
000676 2 1 0 0.956431
000677 2 2 0 0.734608
000678 2 2 0 0.758692
000679 2 1 0 0.991036
000680 2 1 0 0.889499
000681 2 1 0 0.932741
000682 2 2 0 0.736737
000683 2 1 0 0.938429
000684 2 1 0 0.873319
000685 2 1 0 0.924829
000686 2 1 0 0.924829
000687 2 1 0 0.924829
000688 2 1 0 0.938429
000689 2 2 0 0.728101
000690 2 1 0 0.952029
000691 2 1 0 0.938429
000692 2 1 0 0.924829
000693 2 1 0 0.861081
000694 2 1 0 0.938429
000695 2 1 0 0.938429
000696 2 2 0 0.719663
000697 2 2 0 0.748602
000698 2 2 0 0.774515
000699 2 2 0 0.785890
000700 2 1 0 0.879603
000701 2 1 0 0.897251
000702 2 1 0 0.917439
000703 2 1 0 0.968892
000704 2 1 0 0.925686
000705 2 1 1 0.476102
000706 2 1 1 0.445821
000707 2 1 0 0.932030
000708 2 1 1 0.458611
000709 2 1 0 0.854427
000710 2 1 0 0.872471
000711 2 1 0 0.909463
000712 2 1 0 0.909463
000713 2 1 0 0.937486
000714 2 1 0 0.932742
000715 2 1 0 0.924829
000716 1 0 0 0.000000
000717 1 0 0 0.000000
000718 1 0 0 0.000000
000719 1 0 0 0.000000
000720 1 0 0 0.000000
000721 1 1 0 0.648689
000722 1 0 0 0.000000
000723 1 0 0 0.000000
000724 1 0 0 0.000000
000725 1 0 0 0.000000
000726 1 1 0 1.013986
000727 1 1 0 0.945946
000728 1 1 0 1.013986
000729 1 1 0 1.013986
000730 1 1 0 0.964072
000731 1 1 0 0.945946
000732 1 1 0 1.013986
000733 1 1 1 0.462458
000734 1 1 1 0.474813
000735 1 1 0 0.911075
000736 1 1 0 0.901345
000737 1 1 1 0.474813
000738 1 1 0 0.887416
000739 1 1 0 0.895480
000740 1 1 0 0.928562
000741 1 1 0 0.848819
000742 1 1 0 0.824570
000743 1 1 0 0.784127
000744 1 1 0 0.817092
000745 1 1 0 0.741344
000746 1 1 0 0.752540
000747 1 1 0 0.741344
000748 1 1 0 0.656743
000749 1 1 0 0.741344
000750 1 1 0 0.703807
000751 1 1 0 0.693033
000752 1 1 0 0.693033
000753 1 1 0 0.752540
000754 1 1 0 0.741344
000755 1 1 0 0.814573
000756 1 1 0 0.763743
000757 1 1 0 0.703807
000758 1 1 0 0.722269
000759 1 1 0 0.770612
000760 1 1 0 0.759474
000761 1 1 0 0.722269
000762 1 1 0 0.722269
000763 1 1 0 0.759474
000764 1 1 0 0.733011
000765 1 1 0 0.693256
000766 1 1 0 0.638516
000767 1 1 0 0.682964
000768 1 1 0 0.728945
000769 1 1 0 0.703556
000770 1 1 0 0.703556
000771 1 1 0 0.728945
000772 1 1 0 0.703556
000773 1 1 0 0.733011
000774 1 1 0 0.763744
000775 1 1 1 0.376270
000776 1 1 0 0.752540
000777 1 1 0 0.763744
000778 1 1 0 0.784127
000779 1 1 0 0.784127
000780 1 1 0 0.772449
000781 1 1 1 0.386225
000782 1 1 0 0.772449
000783 1 1 0 0.733313
000784 1 1 0 0.784127
000785 1 1 0 0.733313
000786 1 1 0 0.764103
000787 1 1 0 0.804910
000788 1 1 1 0.382051
000789 1 1 0 0.752380
000790 1 1 1 0.376190
000791 1 1 0 0.764103
000792 1 1 0 0.764103
000793 1 1 1 0.382051
000794 1 1 0 0.752380
000795 1 1 0 0.752380
000796 1 1 0 0.764103
000797 1 1 0 0.817092
000798 1 1 0 0.829285
000799 1 1 0 0.804910
000800 1 1 0 0.817092
000801 1 1 0 0.829285
000802 1 1 0 0.772449
000803 1 1 0 0.784127
000804 1 1 0 0.795814
000805 1 1 0 0.804910
000806 1 1 0 0.804910
000807 1 1 0 0.804910
000808 1 1 0 0.871910
000809 1 1 0 0.817092
000810 1 1 0 0.804910
000811 1 1 0 0.804910
000812 1 1 0 0.764103
000813 1 1 0 0.764103
000814 1 1 0 0.804910
000815 1 1 0 0.804910
000816 1 1 0 0.804910
000817 1 1 0 0.764103
000818 1 1 0 0.752380
000819 1 1 0 0.752380
000820 1 1 0 0.690416
000821 1 1 0 0.764103
000822 1 1 0 0.752380
000823 1 1 0 0.804910
000824 1 0 0 0.000000
000825 1 1 0 0.884565
000826 1 0 0 0.000000
000827 1 0 0 0.000000
000828 1 1 0 0.829285
000829 1 1 0 0.895480
000830 1 1 0 0.796236
000831 1 1 0 0.796236
000832 1 1 0 0.838789
000833 1 1 0 0.851499
000834 1 1 0 0.742877
000835 1 1 0 0.784007
000836 1 1 1 0.354350
000837 1 1 0 0.742877
000838 1 1 0 0.761868
000839 1 1 0 0.774126
000840 1 1 0 0.749620
000841 1 0 0 0.000000
000842 1 0 0 0.000000
000843 1 1 0 0.636994
000844 1 1 0 0.689451
000845 1 0 0 0.000000
000846 1 1 0 0.827450
000847 1 0 0 0.000000
000848 1 0 0 0.000000
000849 1 1 0 0.864790
000850 1 1 0 0.840797
000851 1 1 0 0.827450
000852 1 1 0 0.793954
000853 1 1 0 0.793954
000854 1 1 0 0.750773
000855 1 1 0 0.793954
000856 1 1 0 0.738504
000857 1 0 1 0.000000
000858 1 1 0 0.806745
000859 1 1 0 0.793954
000860 1 1 0 0.863364
000861 1 1 1 0.432395
000862 1 1 0 0.685115
000863 1 1 0 0.781176
000864 1 1 1 0.511197
000865 1 0 0 0.000000
000866 1 1 0 0.887451
000867 1 1 1 0.450673
000868 1 1 0 0.851475
000869 1 1 0 0.864790
000870 1 1 0 0.911075
000871 1 1 0 0.864790
000872 1 1 1 0.455538
000873 1 1 0 0.924916
000874 1 1 0 0.864790
000875 1 1 0 0.864790
000876 1 1 0 0.851475
000877 1 1 0 0.806745
000878 1 1 0 0.864790
000879 1 1 1 0.425738
000880 1 1 0 0.864790
000881 1 1 0 0.864790
000882 1 1 0 0.864790
000883 1 1 0 0.827450
000884 1 0 0 0.000000
000885 1 1 1 0.443725
000886 1 1 0 0.825783
000887 1 1 0 0.887451
000888 1 1 0 0.901346
000889 1 1 0 0.935195
000890 1 1 0 0.901346
000891 1 1 0 0.901346
000892 1 1 0 0.964073
000893 1 1 0 0.964073
000894 1 1 0 0.964073
000895 1 1 0 0.949627
000896 1 1 0 0.898698
000897 1 1 0 0.901346
000898 1 1 0 0.887451
000899 1 1 0 0.885674
000900 1 1 0 0.910528
000901 1 1 0 0.949124
000902 1 1 1 0.404079
000903 1 1 0 0.937075
000904 1 1 0 0.856867
000905 1 1 0 0.827911
000906 1 0 0 0.000000
000907 1 0 0 0.000000
000908 1 0 1 0.000000
000909 1 0 0 0.000000
000910 1 0 1 0.000000
000911 1 0 1 0.000000
000912 1 0 0 0.000000
000913 1 0 0 0.000000
000914 1 0 0 0.000000
000915 1 1 1 0.480541
000916 1 0 0 0.000000
000917 1 1 0 0.908383
000918 1 1 0 0.976911
000919 1 1 0 0.891176
000920 1 1 0 0.976911
000921 1 0 0 0.000000
000922 1 1 0 0.961083
000923 1 0 0 0.000000
000924 1 0 0 0.000000
000925 1 1 1 0.494718
000926 1 1 0 1.005224
000927 1 1 0 0.952253
000928 1 1 0 1.021031
000929 1 1 0 0.937075
000930 1 1 0 0.989436
000931 1 1 0 0.937075
000932 1 1 0 0.952253
000933 1 1 0 0.937075
000934 1 1 0 0.952253
000935 1 1 0 0.937075
000936 1 1 0 0.976911
000937 1 1 0 0.976911
000938 1 1 0 0.908383
000939 1 1 0 0.871404
000940 1 1 0 0.961083
000941 1 1 0 1.031547
000942 1 1 1 0.488455
000943 1 1 0 0.976911
000944 1 1 0 0.976911
000945 1 1 0 1.031547
000946 1 1 0 0.883278
000947 1 1 0 0.989436
000948 1 1 0 1.021031
000949 1 1 0 1.021031
000950 1 0 0 0.000000
000951 1 0 0 0.000000
000952 1 0 0 0.000000
000953 1 0 0 0.000000
000954 1 0 0 0.000000
000955 1 0 1 0.000000
000956 1 0 0 0.000000
000957 1 0 0 0.000000
000958 1 0 0 0.000000
000959 1 0 0 0.000000
000960 1 0 0 0.000000
000961 1 1 0 0.976876
000962 1 1 0 0.763869
000963 1 0 0 0.000000
000964 1 1 1 0.489891
000965 1 0 0 0.000000
000966 1 1 0 0.854442
000967 1 1 0 0.930877
000968 1 1 0 0.944285
000969 1 1 0 0.986065
000970 1 1 0 0.978015
000971 1 1 1 0.479041
000972 1 1 0 0.919467
000973 1 1 0 0.972289
000974 1 1 0 0.766958
000975 1 0 0 0.000000
000976 1 1 0 0.947010
000977 1 0 0 0.000000
000978 1 0 0 0.000000
000979 1 0 0 0.000000
000980 1 0 0 0.000000
000981 1 1 0 0.913639
000982 1 1 0 1.040033
000983 1 1 0 1.040033
000984 1 1 0 1.064538
000985 1 1 0 0.971920
000986 1 1 0 0.994323
000987 1 1 0 0.986227
000988 1 1 0 0.979782
000989 1 1 0 0.950370
000990 1 1 0 0.944285
000991 1 1 0 0.878271
000992 1 0 0 0.000000
000993 1 0 1 0.000000
000994 1 0 0 0.000000
000995 1 0 0 0.000000
000996 1 0 0 0.000000
000997 1 1 0 0.863031
000998 1 1 0 0.827911
000999 1 1 1 0.454192
001000 1 1 0 0.765178
001001 1 1 0 0.753959
001002 1 1 0 0.813403
001003 1 1 0 0.827901
001004 1 0 0 0.000000
001005 1 0 0 0.000000
001006 1 0 1 0.000000
001007 1 0 0 0.000000
001008 1 0 0 0.000000
001009 1 0 0 0.000000
001010 1 0 0 0.000000
001011 1 0 0 0.000000
001012 1 1 0 1.064539
001013 1 1 0 0.986227
001014 1 0 0 0.000000
001015 1 1 1 0.496379
001016 1 1 0 0.908383
001017 1 0 0 0.000000
001018 1 1 1 0.516124
001019 1 1 0 1.032249
001020 1 1 1 0.534947
001021 1 1 1 0.500405
001022 1 1 0 0.896872
001023 1 1 1 0.528673
001024 1 1 0 1.009302
001025 1 1 0 1.048033
001026 1 1 0 0.893209
001027 1 1 1 0.518919
001028 1 1 0 1.048033
001029 1 1 0 0.971507
001030 1 1 0 1.055328
001031 1 1 1 0.568101
001032 1 1 1 0.521446
001033 1 1 1 0.542599
001034 1 0 2 0.036197
001035 1 0 1 0.074248
001036 1 1 0 0.910187
001037 1 1 1 0.521446
001038 1 0 0 0.000000
001039 1 0 2 0.035832
001040 1 1 0 1.064539
001041 1 1 0 0.971507
001042 1 1 1 0.557952
001043 1 1 1 0.519006
001044 1 1 1 0.554632
001045 1 1 1 0.559974
001046 1 0 2 0.036239
001047 1 0 1 0.000000
001048 1 1 1 0.352497
001049 1 0 2 0.035211
001050 1 0 0 0.000000
001051 1 0 1 0.077287
001052 1 0 1 0.000000
001053 1 0 0 0.000000
001054 1 0 0 0.000000
001055 1 0 0 0.000000
001056 1 0 0 0.000000
001057 1 0 0 0.000000
001058 1 0 0 0.000000
001059 1 0 0 0.000000
001060 1 0 0 0.000000
001061 1 0 0 0.000000
001062 1 0 1 0.000000
001063 1 0 0 0.000000
001064 1 0 1 0.000000
001065 1 0 1 0.000000
001066 1 0 1 0.000000
001067 1 0 1 0.000000
001068 1 0 0 0.000000
001069 1 0 1 0.000000
001070 1 0 1 0.000000
001071 1 0 0 0.000000
001072 1 1 1 0.517538
001073 1 1 0 1.011357
001074 1 1 0 0.958015
001075 1 1 1 0.483208
001076 1 1 0 1.042329
001077 1 1 1 0.498017
001078 1 1 0 0.981001
001079 1 1 0 0.987307
001080 1 1 0 0.922389
001081 1 1 0 0.922389
001082 1 1 0 1.018528
001083 1 1 1 0.463855
001084 1 1 1 0.509264
001085 1 1 0 1.026681
001086 1 1 0 1.018528
001087 1 1 0 0.871871
001088 1 1 1 0.501000
001089 1 1 0 1.075546
001090 1 1 1 0.471218
001091 1 1 0 1.018528
001092 1 1 0 0.962873
001093 1 1 0 1.002001
001094 1 1 1 0.471218
001095 1 1 0 0.962873
001096 1 1 1 0.505679
001097 1 1 0 0.931167
001098 1 1 0 0.863031
001099 1 1 0 0.931167
001100 1 1 0 1.002001
001101 1 1 0 1.042329
001102 1 0 0 0.000000
001103 1 1 0 0.942435
001104 1 1 1 0.498017
001105 1 1 1 0.490501
001106 1 1 1 0.483208
001107 1 1 1 0.498017
001108 1 1 0 1.092762
001109 1 1 0 1.002001
001110 1 1 1 0.537773
001111 1 1 0 0.981001
001112 1 1 1 0.481437
001113 1 1 1 0.473505
001114 1 1 0 0.942435
001115 1 1 0 1.018528
001116 1 1 0 0.996034
001117 1 1 0 1.018528
001118 1 1 0 0.947010
001119 1 1 0 0.927710
001120 1 1 0 0.927710
001121 1 1 0 0.875949
001122 1 1 0 0.922389
001123 1 1 0 1.018528
001124 1 1 0 0.996034
001125 1 1 0 1.011357
001126 1 1 0 0.957161
001127 1 1 0 0.927710
001128 1 1 0 1.035077
001129 1 1 0 1.018528
001130 1 1 0 0.858735
001131 1 1 0 0.928759
001132 1 1 1 0.463855
001133 1 1 0 0.915343
001134 1 1 0 0.936048
001135 1 0 1 0.000000
001136 1 0 0 0.000000
001137 1 0 0 0.000000
001138 1 0 0 0.000000
001139 1 0 1 0.000000
001140 1 0 1 0.000000
001141 1 0 2 0.000000
001142 1 0 0 0.000000
001143 1 0 0 0.000000
001144 1 0 0 0.000000
001145 1 0 1 0.000000
001146 1 0 0 0.000000
001147 1 0 0 0.000000
001148 1 0 1 0.000000
001149 1 0 0 0.000000
001150 1 0 0 0.000000
001151 1 1 0 1.018528
001152 1 1 0 0.863031
001153 1 0 0 0.000000
001154 1 0 1 0.000000
001155 1 0 1 0.000000
001156 1 0 1 0.000000
001157 1 0 0 0.000000
001158 1 0 0 0.000000
001159 1 0 1 0.000000
001160 1 0 1 0.000000
001161 1 0 1 0.000000
001162 1 0 0 0.000000
001163 1 0 0 0.000000
001164 1 0 1 0.000000
001165 1 0 0 0.000000
001166 1 0 0 0.000000
001167 1 0 0 0.000000
001168 1 0 0 0.000000
001169 1 0 0 0.000000
001170 1 0 1 0.000000
001171 1 0 1 0.000000
001172 1 0 0 0.000000
001173 1 0 0 0.000000
001174 1 0 1 0.000000
001175 1 0 1 0.000000
001176 1 0 0 0.000000
001177 0 0 0 0.000000
001178 0 0 0 0.000000
001179 0 0 0 0.000000
001180 0 0 0 0.000000
001181 0 0 0 0.000000
001182 0 0 0 0.000000
001183 0 0 1 0.000000
001184 0 0 1 0.000000
001185 0 0 0 0.000000
001186 0 0 0 0.000000
001187 0 0 0 0.000000
001188 0 0 0 0.000000
001189 0 0 0 0.000000
001190 0 0 0 0.000000
001191 0 0 0 0.000000
001192 0 0 0 0.000000
001193 0 0 1 0.000000
001194 0 0 0 0.000000
001195 0 0 1 0.000000
001196 0 0 1 0.000000
001197 0 0 1 0.000000
001198 0 0 1 0.000000
001199 0 0 1 0.000000
001200 0 0 0 0.000000
