000001 0 0 0 0.000000
000002 0 0 1 0.000000
000003 0 0 1 0.000000
000004 0 0 0 0.000000
000005 0 0 0 0.000000
000006 0 0 1 0.000000
000007 0 0 0 0.000000
000008 0 0 1 0.000000
000009 0 0 0 0.000000
000010 0 0 1 0.000000
000011 0 0 0 0.000000
000012 0 0 1 0.000000
000013 0 0 0 0.000000
000014 0 0 0 0.000000
000015 0 0 1 0.000000
000016 0 0 0 0.000000
000017 0 0 0 0.000000
000018 0 0 0 0.000000
000019 0 0 1 0.000000
000020 0 0 1 0.000000
000021 0 0 1 0.000000
000022 0 0 1 0.000000
000023 0 0 0 0.000000
000024 0 0 0 0.000000
000025 0 0 2 0.000000
000026 0 0 0 0.000000
000027 0 0 0 0.000000
000028 0 0 0 0.000000
000029 0 0 0 0.000000
000030 0 0 1 0.000000
000031 0 0 0 0.000000
000032 0 0 0 0.000000
000033 0 0 0 0.000000
000034 0 0 0 0.000000
000035 0 0 0 0.000000
000036 0 0 0 0.000000
000037 0 0 0 0.000000
000038 0 0 1 0.000000
000039 0 0 1 0.000000
000040 0 0 0 0.000000
000041 0 0 1 0.000000
000042 0 0 0 0.000000
000043 0 0 1 0.000000
000044 0 0 1 0.000000
000045 0 0 0 0.000000
000046 0 0 1 0.000000
000047 0 0 1 0.000000
000048 0 0 0 0.000000
000049 0 0 0 0.000000
000050 0 0 1 0.000000
000051 0 0 0 0.000000
000052 0 0 0 0.000000
000053 0 0 0 0.000000
000054 0 0 1 0.000000
000055 0 0 0 0.000000
000056 0 0 1 0.000000
000057 0 0 1 0.000000
000058 0 0 0 0.000000
000059 0 0 1 0.000000
000060 0 0 1 0.000000
000061 0 0 0 0.000000
000062 0 0 0 0.000000
000063 0 0 1 0.000000
000064 0 0 0 0.000000
000065 0 0 0 0.000000
000066 0 0 0 0.000000
000067 0 0 0 0.000000
000068 0 0 1 0.000000
000069 0 0 1 0.000000
000070 0 0 0 0.000000
000071 0 0 0 0.000000
000072 0 0 0 0.000000
000073 0 0 0 0.000000
000074 0 0 0 0.000000
000075 0 0 0 0.000000
000076 0 0 0 0.000000
000077 0 0 0 0.000000
000078 0 0 0 0.000000
000079 0 0 0 0.000000
000080 0 0 0 0.000000
000081 0 0 0 0.000000
000082 0 0 0 0.000000
000083 0 0 0 0.000000
000084 0 0 0 0.000000
000085 0 0 1 0.000000
000086 0 0 0 0.000000
000087 0 0 0 0.000000
000088 0 0 0 0.000000
000089 0 0 0 0.000000
000090 0 0 0 0.000000
000091 0 0 1 0.000000
000092 0 0 1 0.000000
000093 0 0 1 0.000000
000094 0 0 1 0.000000
000095 0 0 1 0.000000
000096 0 0 1 0.000000
000097 0 0 0 0.000000
000098 0 0 0 0.000000
000099 0 0 1 0.000000
000100 0 0 1 0.000000
000101 0 0 0 0.000000
000102 0 0 1 0.000000
000103 0 0 1 0.000000
000104 0 0 1 0.000000
000105 0 0 1 0.000000
000106 0 0 0 0.000000
000107 0 0 1 0.000000
000108 0 0 1 0.000000
000109 0 0 0 0.000000
000110 0 0 0 0.000000
000111 0 0 0 0.000000
000112 0 0 1 0.000000
000113 0 0 0 0.000000
000114 0 0 1 0.000000
000115 0 0 1 0.000000
000116 0 0 0 0.000000
000117 0 0 1 0.000000
000118 0 0 1 0.000000
000119 0 0 0 0.000000
000120 0 0 1 0.000000
000121 0 0 0 0.000000
000122 0 0 1 0.000000
000123 0 0 1 0.000000
000124 0 0 1 0.000000
000125 0 0 0 0.000000
000126 0 0 1 0.000000
000127 0 0 1 0.000000
000128 0 0 1 0.000000
000129 0 0 1 0.000000
000130 0 0 1 0.000000
000131 0 0 1 0.000000
000132 0 0 1 0.000000
000133 0 0 0 0.000000
000134 0 0 0 0.000000
000135 0 0 1 0.000000
000136 0 0 1 0.000000
000137 0 0 0 0.000000
000138 0 0 0 0.000000
000139 0 0 0 0.000000
000140 0 0 1 0.000000
000141 0 0 1 0.000000
000142 0 0 0 0.000000
000143 0 0 1 0.000000
000144 0 0 0 0.000000
000145 0 0 1 0.000000
000146 0 0 1 0.000000
000147 0 0 0 0.000000
000148 0 0 0 0.000000
000149 0 0 1 0.000000
000150 0 0 1 0.000000
000151 0 0 0 0.000000
000152 0 0 1 0.000000
000153 0 0 1 0.000000
000154 0 0 0 0.000000
000155 0 0 1 0.000000
000156 0 0 1 0.000000
000157 0 0 0 0.000000
000158 0 0 1 0.000000
000159 0 0 0 0.000000
000160 0 0 1 0.000000
000161 0 0 0 0.000000
000162 0 0 1 0.000000
000163 0 0 1 0.000000
000164 0 0 0 0.000000
000165 0 0 0 0.000000
000166 0 0 0 0.000000
000167 0 0 1 0.000000
000168 0 0 1 0.000000
000169 0 0 0 0.000000
000170 0 0 0 0.000000
000171 0 0 0 0.000000
000172 0 0 1 0.000000
000173 0 0 0 0.000000
000174 0 0 0 0.000000
000175 0 0 0 0.000000
000176 0 0 0 0.000000
000177 0 0 0 0.000000
000178 0 0 0 0.000000
000179 0 0 0 0.000000
000180 0 0 1 0.000000
000181 0 0 2 0.000000
000182 0 0 2 0.000000
000183 0 0 2 0.000000
000184 0 0 1 0.000000
000185 0 0 1 0.000000
000186 0 0 1 0.000000
000187 0 0 1 0.000000
000188 0 0 1 0.000000
000189 0 0 1 0.000000
000190 0 0 1 0.000000
000191 0 0 2 0.000000
000192 0 0 0 0.000000
000193 0 0 1 0.000000
000194 0 0 0 0.000000
000195 0 0 0 0.000000
000196 0 0 1 0.000000
000197 0 0 1 0.000000
000198 0 0 0 0.000000
000199 0 0 0 0.000000
000200 0 0 0 0.000000
000201 0 0 1 0.000000
000202 1 0 2 0.000000
000203 1 1 1 0.300422
000204 1 1 0 0.637931
000205 1 1 0 0.607354
000206 1 0 0 0.000000
000207 1 1 0 0.582168
000208 1 1 1 0.262944
000209 1 1 0 0.588302
000210 1 1 0 0.588302
000211 1 0 1 0.000000
000212 1 0 0 0.000000
000213 1 0 0 0.000000
000214 1 0 0 0.000000
000215 1 1 1 0.285543
000216 1 1 1 0.271581
000217 1 0 1 0.000000
000218 1 1 1 0.262125
000219 1 0 2 0.035583
000220 1 0 1 0.000000
000221 1 1 2 0.243262
000222 1 0 2 0.039475
000223 1 1 2 0.291622
000224 1 1 1 0.368896
000225 1 0 1 0.000000
000226 1 0 1 0.000000
000227 1 0 1 0.000000
000228 1 0 1 0.000000
000229 1 0 2 0.040144
000230 1 0 1 0.074862
000231 1 0 1 0.000000
000232 1 1 0 0.566789
000233 1 0 3 0.025693
000234 1 1 1 0.291824
000235 1 1 1 0.271497
000236 1 0 0 0.000000
000237 1 0 0 0.000000
000238 1 0 0 0.000000
000239 1 1 0 0.617034
000240 1 1 0 0.588302
000241 1 1 0 0.564885
000242 1 1 0 0.654307
000243 1 1 0 0.780007
000244 1 1 0 0.610594
000245 1 0 0 0.000000
000246 1 0 0 0.000000
000247 1 0 0 0.000000
000248 1 1 1 0.218612
000249 1 1 1 0.233099
000250 1 1 0 0.456790
000251 1 0 1 0.000000
000252 1 1 0 0.468354
000253 1 0 1 0.000000
000254 1 1 0 0.588339
000255 1 1 0 0.716955
000256 1 0 1 0.000000
000257 1 1 0 0.549959
000258 1 1 1 0.343722
000259 1 1 1 0.288062
000260 1 0 0 0.000000
000261 1 1 0 0.740000
000262 1 1 0 0.740000
000263 1 1 1 0.392781
000264 1 1 1 0.388112
000265 1 0 1 0.000000
000266 1 0 1 0.000000
000267 1 1 1 0.277233
000268 1 1 0 0.681131
000269 1 1 1 0.323193
000270 1 1 0 0.554467
000271 1 0 0 0.000000
000272 1 0 0 0.000000
000273 1 1 0 0.582168
000274 1 0 2 0.072157
000275 1 0 1 0.000000
000276 1 0 1 0.000000
000277 1 1 0 0.616272
000278 1 0 1 0.000000
000279 1 1 0 0.771110
000280 1 1 0 0.731425
000281 1 1 1 0.346242
000282 1 1 1 0.378853
000283 1 0 0 0.000000
000284 1 1 1 0.347576
000285 1 0 0 0.000000
000286 1 1 0 0.562531
000287 1 1 1 0.294405
000288 1 1 0 0.623539
000289 1 0 0 0.000000
000290 1 0 1 0.000000
000291 1 0 1 0.000000
000292 1 0 0 0.000000
000293 1 1 0 0.460700
000294 1 1 0 0.481301
000295 1 1 1 0.258380
000296 1 1 1 0.249528
000297 1 1 1 0.330738
000298 1 1 1 0.277897
000299 1 1 1 0.330357
000300 1 1 1 0.388112
000301 1 1 0 0.783870
000302 1 1 1 0.397172
000303 1 1 1 0.322999
000304 1 1 0 0.725265
000305 1 1 1 0.338182
000306 1 1 1 0.452746
000307 1 1 1 0.227678
000308 1 0 0 0.000000
000309 1 1 0 0.485311
000310 1 1 1 0.236892
000311 1 1 1 0.262811
000312 1 1 0 0.539022
000313 1 1 0 0.492906
000314 1 0 0 0.000000
000315 1 0 2 0.054568
000316 1 0 2 0.054568
000317 1 1 1 0.248828
000318 1 1 1 0.249931
000319 1 1 1 0.301912
000320 1 1 1 0.291837
000321 1 1 0 0.624283
000322 1 1 1 0.369938
000323 1 1 1 0.436902
000324 1 1 2 0.300740
000325 1 1 0 0.909068
000326 1 1 2 0.296647
000327 1 1 0 0.846330
000328 1 1 0 0.858962
000329 1 0 1 0.000000
000330 1 0 1 0.094877
000331 1 1 1 0.291670
000332 1 1 1 0.288717
000333 1 1 0 0.577433
000334 1 1 0 0.550630
000335 1 1 0 0.511585
000336 1 0 0 0.000000
000337 1 1 0 0.624123
000338 1 0 1 0.000000
000339 1 1 1 0.242656
000340 1 0 0 0.000000
000341 1 0 0 0.000000
000342 1 1 1 0.285675
000343 1 1 1 0.359138
000344 1 1 0 0.806150
000345 1 1 1 0.370588
000346 1 1 1 0.401830
000347 1 1 1 0.395056
000348 1 1 0 0.745670
000349 1 1 1 0.409363
000350 1 1 0 0.808638
000351 1 1 1 0.441578
000352 1 1 1 0.336287
000353 1 0 0 0.000000
000354 1 0 0 0.000000
000355 1 0 1 0.000000
000356 1 1 1 0.385705
000357 1 0 1 0.000000
000358 1 0 0 0.000000
000359 1 1 1 0.408947
000360 1 0 0 0.000000
000361 1 1 0 0.515475
000362 1 0 1 0.000000
000363 1 0 0 0.000000
000364 1 1 1 0.396745
000365 1 1 1 0.363501
000366 1 0 1 0.000000
000367 1 1 0 0.670608
000368 1 1 1 0.318964
000369 1 1 1 0.423165
000370 1 1 0 0.746076
000371 1 1 0 0.495986
000372 1 1 1 0.405129
000373 1 1 0 0.603824
000374 1 0 1 0.000000
000375 1 0 1 0.000000
000376 1 1 1 0.348587
000377 1 1 1 0.329923
000378 1 1 0 0.731229
000379 1 1 2 0.227417
000380 1 1 0 0.684664
000381 1 1 0 0.764918
000382 1 1 0 0.714059
000383 1 1 0 0.725795
000384 1 1 1 0.362696
000385 1 1 0 0.708806
000386 1 1 1 0.362696
000387 1 1 0 0.665365
000388 1 1 0 0.710405
000389 1 1 0 0.685941
000390 1 1 1 0.307083
000391 1 1 0 0.725392
000392 1 1 0 0.685941
000393 1 1 1 0.333642
000394 1 1 0 0.644977
000395 1 1 0 0.652571
000396 1 1 0 0.617029
000397 1 1 0 0.673515
000398 1 1 0 0.708806
000399 1 1 1 0.329923
000400 1 1 0 0.647903
000401 1 1 0 0.681119
000402 1 1 0 0.717003
000403 1 1 1 0.326091
000404 1 1 0 0.621284
000405 1 1 0 0.628054
000406 1 1 1 0.279696
000407 1 1 1 0.277825
000408 1 1 0 0.617389
000409 1 1 0 0.614658
000410 1 1 0 0.601176
000411 1 1 1 0.329045
000412 1 1 1 0.286703
000413 1 0 1 0.000000
000414 1 1 1 0.306631
000415 1 1 1 0.299911
000416 1 1 1 0.324127
000417 1 1 0 0.562627
000418 1 1 0 0.613262
000419 1 1 1 0.322488
000420 1 1 0 0.619214
000421 1 1 1 0.324299
000422 1 1 1 0.297335
000423 1 1 1 0.317040
000424 1 1 1 0.344659
000425 1 1 0 0.648599
000426 1 1 0 0.612215
000427 1 1 0 0.669110
000428 1 1 1 0.308694
000429 1 1 0 0.637929
000430 1 1 1 0.320544
000431 1 1 0 0.641089
000432 1 1 1 0.320544
000433 1 1 0 0.702157
000434 1 1 0 0.674210
000435 1 1 0 0.648254
000436 1 1 0 0.645454
000437 1 1 1 0.342970
000438 1 1 1 0.351079
000439 1 1 1 0.329923
000440 1 1 1 0.307083
000441 1 1 1 0.313021
000442 1 1 1 0.324127
000443 1 1 0 0.643276
000444 1 1 1 0.347073
000445 1 1 0 0.644977
000446 1 1 1 0.308694
000447 1 1 1 0.329923
000448 1 1 0 0.601487
000449 1 1 1 0.361209
000450 1 1 1 0.327916
000451 1 1 0 0.634080
000452 1 1 1 0.337105
000453 1 1 1 0.331615
000454 1 1 1 0.344659
000455 1 1 0 0.601176
000456 1 1 0 0.598531
000457 1 1 0 0.621284
000458 1 1 0 0.539476
000459 1 1 0 0.673515
000460 1 1 0 0.624123
000461 1 1 1 0.300588
000462 1 1 0 0.653709
000463 1 1 1 0.313021
000464 1 1 0 0.641089
000465 1 1 0 0.612215
000466 1 1 0 0.672090
000467 1 1 1 0.320544
000468 1 1 1 0.317040
000469 1 1 0 0.581784
000470 1 1 0 0.649892
000471 1 1 0 0.702158
000472 1 1 1 0.331615
000473 1 1 1 0.335304
000474 1 1 0 0.643276
000475 1 1 1 0.276392
000476 1 1 0 0.731229
000477 1 1 1 0.344659
000478 1 1 0 0.690036
000479 1 1 1 0.276868
000480 1 1 1 0.312062
000481 1 1 1 0.326285
000482 1 1 0 0.663229
000483 1 1 1 0.283631
000484 1 1 0 0.659846
000485 1 1 1 0.320545
000486 1 1 2 0.197176
000487 1 1 0 0.690036
000488 1 1 1 0.325378
000489 1 1 0 0.674210
000490 1 1 0 0.655833
000491 1 1 1 0.315503
000492 1 1 1 0.338373
000493 1 1 0 0.686940
000494 1 1 1 0.327916
000495 1 1 0 0.624123
000496 1 1 0 0.605595
000497 1 1 1 0.291670
000498 1 1 0 0.610798
000499 1 1 0 0.690036
000500 1 1 0 0.678188
000501 1 1 0 0.670355
000502 1 1 1 0.294953
000503 1 1 1 0.338373
000504 1 1 0 0.648254
000505 1 1 1 0.294953
000506 1 1 1 0.288581
000507 1 1 1 0.287845
000508 1 1 0 0.588389
000509 1 1 1 0.324300
000510 1 1 1 0.275338
000511 1 1 1 0.318086
000512 1 1 1 0.325378
000513 1 1 0 0.599116
000514 1 1 1 0.317040
000515 1 1 0 0.647905
000516 1 1 1 0.330357
000517 1 1 0 0.752097
000518 1 1 0 0.731212
000519 1 1 1 0.361602
000520 1 1 1 0.344660
000521 1 1 0 0.718992
000522 1 1 1 0.345795
000523 1 1 0 0.797024
000524 1 1 0 0.655833
000525 1 1 0 0.719612
000526 1 0 1 0.000000
000527 1 1 1 0.341126
000528 1 1 0 0.723203
000529 1 1 0 0.725767
000530 1 1 1 0.368159
000531 1 1 1 0.292722
000532 1 1 0 0.727869
000533 1 0 0 0.000000
000534 1 1 0 0.654307
000535 1 1 0 0.646386
000536 1 0 0 0.000000
000537 1 1 1 0.296737
000538 1 0 1 0.000000
000539 1 0 1 0.000000
000540 1 1 0 0.555096
000541 1 0 0 0.000000
000542 1 0 0 0.000000
000543 1 0 0 0.000000
000544 1 0 1 0.000000
000545 1 0 1 0.000000
000546 1 0 1 0.000000
000547 1 0 0 0.000000
000548 1 0 1 0.000000
000549 1 1 0 0.843870
000550 1 0 1 0.080518
000551 2 1 1 0.417786
000552 2 1 1 0.439950
000553 2 2 1 0.503264
000554 2 2 0 0.800789
000555 2 2 1 0.430775
000556 2 2 1 0.447076
000557 2 2 0 0.628410
000558 2 1 1 0.294151
000559 2 1 0 0.629879
000560 2 1 0 0.655646
000561 2 1 0 0.658640
000562 2 1 0 0.610489
000563 2 2 1 0.372714
000564 2 2 1 0.378142
000565 2 2 1 0.456328
000566 2 2 1 0.440463
000567 2 1 1 0.384579
000568 2 1 2 0.251269
000569 2 1 3 0.179477
000570 2 1 1 0.304300
000571 2 1 2 0.260410
000572 2 1 1 0.299290
000573 2 1 1 0.317123
000574 2 1 1 0.309104
000575 2 1 0 0.567948
000576 2 1 0 0.598581
000577 2 1 0 0.552671
000578 2 2 1 0.389886
000579 2 2 0 0.649980
000580 2 2 0 0.649563
000581 2 2 0 0.663764
000582 2 2 0 0.679914
000583 2 2 1 0.473557
000584 2 2 0 0.678404
000585 2 2 0 0.712989
000586 2 2 0 0.694819
000587 2 2 0 0.656388
000588 2 2 0 0.715423
000589 2 2 1 0.506184
000590 2 2 0 0.686358
000591 2 2 1 0.449356
000592 2 2 1 0.467443
000593 2 2 0 0.689645
000594 2 2 0 0.673302
000595 2 2 2 0.382135
000596 2 2 1 0.465910
000597 2 2 2 0.352470
000598 2 2 0 0.702748
000599 2 1 0 0.738332
000600 2 2 0 0.704950
000601 2 2 0 0.659872
000602 2 2 0 0.605694
000603 2 1 1 0.251707
000604 2 2 1 0.418762
000605 2 2 0 0.595150
000606 2 1 1 0.265945
000607 2 2 0 0.704205
000608 2 2 0 0.669230
000609 2 1 0 0.659141
000610 2 1 1 0.314340
000611 2 2 1 0.443255
000612 2 1 0 0.681597
000613 2 1 0 0.626836
000614 2 1 0 0.635945
000615 2 0 0 0.000000
000616 2 1 1 0.332999
000617 2 0 0 0.000000
000618 2 0 0 0.000000
000619 2 1 1 0.347880
000620 2 1 0 0.589303
000621 2 2 0 0.605743
000622 2 1 0 0.546034
000623 2 2 0 0.613298
000624 2 2 0 0.657696
000625 2 2 0 0.695397
000626 2 2 0 0.674745
000627 2 2 0 0.735645
000628 2 2 0 0.736097
000629 2 2 0 0.685977
000630 2 2 0 0.705078
000631 2 2 0 0.676664
000632 2 2 0 0.710271
000633 2 2 0 0.655420
000634 2 2 0 0.693153
000635 2 1 0 0.749795
000636 2 1 0 0.769414
000637 2 1 0 0.769414
000638 2 2 0 0.646415
000639 2 1 0 0.792600
000640 2 1 0 0.751239
000641 2 2 0 0.662394
000642 2 2 0 0.664151
000643 2 2 0 0.686973
000644 2 2 0 0.702347
000645 2 2 0 0.662269
000646 2 2 0 0.657029
000647 2 2 2 0.420573
000648 2 2 1 0.431773
000649 2 2 0 0.608100
000650 2 2 0 0.620347
000651 2 2 0 0.614332
000652 2 2 0 0.638036
000653 2 2 0 0.645484
000654 2 2 0 0.664074
000655 2 1 0 0.546327
000656 2 1 0 0.609292
000657 2 0 0 0.000000
000658 2 0 0 0.000000
000659 2 0 0 0.000000
000660 2 0 0 0.000000
000661 2 0 0 0.000000
000662 2 0 0 0.000000
000663 2 1 1 0.238974
000664 2 1 0 0.481666
000665 2 2 0 0.629549
000666 2 2 0 0.653846
000667 2 2 1 0.457881
000668 2 2 1 0.442700
000669 2 2 0 0.698458
000670 2 2 1 0.449430
000671 2 2 1 0.511553
000672 2 2 1 0.498237
000673 2 2 2 0.381378
000674 2 2 3 0.368544
000675 2 2 1 0.484560
000676 2 2 1 0.490496
000677 2 2 0 0.612883
000678 2 2 1 0.492874
000679 2 1 2 0.285505
000680 2 1 0 0.706163
000681 2 1 1 0.478797
000682 2 1 1 0.477137
000683 2 2 0 0.631984
000684 2 1 2 0.270622
000685 2 1 2 0.255908
000686 2 1 2 0.249329
000687 2 2 2 0.356767
000688 2 2 2 0.327576
000689 2 2 1 0.392259
000690 2 2 2 0.321286
000691 2 2 2 0.314855
000692 2 2 2 0.302493
000693 2 2 2 0.286345
000694 2 2 2 0.307632
000695 2 2 1 0.414786
000696 2 2 1 0.428708
000697 2 2 0 0.613583
000698 2 2 0 0.636509
000699 2 2 0 0.631757
000700 2 0 0 0.000000
000701 2 1 1 0.318438
000702 2 1 1 0.311165
000703 2 2 1 0.371831
000704 2 1 1 0.253310
000705 2 1 1 0.256807
000706 2 2 0 0.562017
000707 2 2 1 0.450795
000708 2 2 0 0.620939
000709 2 2 1 0.426300
000710 2 2 1 0.399160
000711 2 2 1 0.399607
000712 2 2 1 0.382084
000713 2 2 0 0.564055
000714 2 2 0 0.583773
000715 2 2 1 0.402165
000716 2 2 0 0.650268
000717 2 2 1 0.401844
000718 2 2 0 0.603550
000719 2 1 1 0.305016
000720 2 1 1 0.398304
000721 2 1 0 0.829736
000722 2 1 0 0.791778
000723 2 2 0 0.585296
000724 2 2 0 0.586164
000725 2 2 0 0.691721
000726 2 2 1 0.462639
000727 2 2 1 0.442815
000728 2 2 1 0.446959
000729 2 2 1 0.418406
000730 2 1 0 0.530291
000731 2 2 1 0.376963
000732 2 2 0 0.545340
000733 2 2 1 0.386453
000734 2 2 0 0.548636
000735 2 2 0 0.528509
000736 2 2 0 0.542333
000737 2 2 1 0.381275
000738 2 1 1 0.292969
000739 2 1 1 0.320729
000740 2 1 0 0.599162
000741 2 0 0 0.000000
000742 2 1 1 0.297429
000743 2 0 0 0.000000
000744 2 0 1 0.000000
000745 2 0 0 0.000000
000746 2 0 0 0.000000
000747 2 0 1 0.000000
000748 2 0 1 0.000000
000749 2 1 0 0.637039
000750 2 1 1 0.300099
000751 2 1 1 0.326756
000752 2 1 1 0.326756
000753 2 1 2 0.221524
000754 2 1 1 0.343718
000755 2 1 0 0.776299
000756 2 0 0 0.000000
000757 2 0 1 0.000000
000758 2 1 0 0.595145
000759 2 1 1 0.320796
000760 2 1 1 0.348014
000761 2 1 1 0.361582
000762 2 1 1 0.352665
000763 2 1 1 0.314920
000764 2 1 1 0.331479
000765 2 1 1 0.302709
000766 2 1 2 0.215103
000767 2 1 0 0.563364
000768 2 1 0 0.581772
000769 1 1 0 0.719353
000770 1 1 0 0.726457
000771 1 1 0 0.882674
000772 1 1 0 0.816974
000773 1 1 0 0.875051
000774 1 1 1 0.460390
000775 1 1 0 0.924586
000776 1 1 1 0.411505
000777 1 0 1 0.000000
000778 1 0 0 0.000000
000779 1 0 1 0.000000
000780 1 0 0 0.000000
000781 1 0 0 0.000000
000782 1 0 0 0.000000
000783 1 0 0 0.000000
000784 1 0 1 0.000000
000785 1 0 1 0.000000
000786 1 0 1 0.000000
000787 1 0 0 0.000000
000788 1 0 1 0.000000
000789 1 0 1 0.000000
000790 1 0 0 0.000000
000791 1 0 1 0.000000
000792 1 0 0 0.000000
000793 1 0 0 0.000000
000794 1 0 0 0.000000
000795 1 0 1 0.000000
000796 1 0 0 0.000000
000797 1 0 1 0.000000
000798 1 0 1 0.000000
000799 1 0 1 0.000000
000800 1 0 1 0.000000
