000001 0 0 0 0.000000
000002 0 0 0 0.000000
000003 0 0 0 0.000000
000004 0 0 0 0.000000
000005 0 0 0 0.000000
000006 0 0 0 0.000000
000007 0 0 0 0.000000
000008 0 0 0 0.000000
000009 0 0 0 0.000000
000010 0 0 0 0.000000
000011 0 0 0 0.000000
000012 0 0 0 0.000000
000013 0 0 0 0.000000
000014 0 0 0 0.000000
000015 0 0 0 0.000000
000016 0 0 0 0.000000
000017 0 0 0 0.000000
000018 0 0 0 0.000000
000019 0 0 0 0.000000
000020 0 0 0 0.000000
000021 0 0 0 0.000000
000022 0 0 0 0.000000
000023 0 0 0 0.000000
000024 0 0 0 0.000000
000025 0 0 0 0.000000
000026 0 0 0 0.000000
000027 0 0 0 0.000000
000028 0 0 0 0.000000
000029 0 0 0 0.000000
000030 0 0 0 0.000000
000031 0 0 0 0.000000
000032 0 0 1 0.000000
000033 0 0 0 0.000000
000034 0 0 0 0.000000
000035 0 0 1 0.000000
000036 0 0 0 0.000000
000037 0 0 0 0.000000
000038 0 0 0 0.000000
000039 0 0 0 0.000000
000040 0 0 0 0.000000
000041 0 0 0 0.000000
000042 0 0 0 0.000000
000043 0 0 0 0.000000
000044 0 0 0 0.000000
000045 0 0 0 0.000000
000046 0 0 0 0.000000
000047 0 0 0 0.000000
000048 0 0 0 0.000000
000049 0 0 0 0.000000
000050 0 0 0 0.000000
000051 0 0 0 0.000000
000052 0 0 0 0.000000
000053 0 0 0 0.000000
000054 0 0 0 0.000000
000055 0 0 0 0.000000
000056 0 0 0 0.000000
000057 0 0 0 0.000000
000058 0 0 0 0.000000
000059 0 0 0 0.000000
000060 0 0 0 0.000000
000061 0 0 0 0.000000
000062 0 0 0 0.000000
000063 0 0 0 0.000000
000064 0 0 0 0.000000
000065 0 0 0 0.000000
000066 0 0 0 0.000000
000067 0 0 0 0.000000
000068 0 0 0 0.000000
000069 0 0 0 0.000000
000070 0 0 0 0.000000
000071 0 0 0 0.000000
000072 0 0 0 0.000000
000073 0 0 0 0.000000
000074 0 0 0 0.000000
000075 0 0 0 0.000000
000076 0 0 0 0.000000
000077 0 0 0 0.000000
000078 0 0 0 0.000000
000079 0 0 0 0.000000
000080 0 0 0 0.000000
000081 0 0 0 0.000000
000082 0 0 0 0.000000
000083 0 0 0 0.000000
000084 0 0 0 0.000000
000085 0 0 0 0.000000
000086 0 0 0 0.000000
000087 0 0 0 0.000000
000088 0 0 0 0.000000
000089 0 0 0 0.000000
000090 0 0 0 0.000000
000091 0 0 0 0.000000
000092 0 0 0 0.000000
000093 0 0 0 0.000000
000094 0 0 0 0.000000
000095 0 0 0 0.000000
000096 0 0 0 0.000000
000097 0 0 0 0.000000
000098 0 0 0 0.000000
000099 0 0 0 0.000000
000100 0 0 0 0.000000
000101 0 0 0 0.000000
000102 0 0 0 0.000000
000103 0 0 0 0.000000
000104 0 0 0 0.000000
000105 0 0 0 0.000000
000106 0 0 0 0.000000
000107 0 0 0 0.000000
000108 0 0 0 0.000000
000109 0 0 0 0.000000
000110 0 0 0 0.000000
000111 0 0 0 0.000000
000112 0 0 0 0.000000
000113 0 0 0 0.000000
000114 0 0 0 0.000000
000115 0 0 0 0.000000
000116 0 0 0 0.000000
000117 0 0 0 0.000000
000118 0 0 0 0.000000
000119 0 0 0 0.000000
000120 0 0 0 0.000000
000121 0 0 0 0.000000
000122 0 0 0 0.000000
000123 0 0 0 0.000000
000124 0 0 0 0.000000
000125 0 0 0 0.000000
000126 0 0 0 0.000000
000127 0 0 0 0.000000
000128 0 0 0 0.000000
000129 0 0 0 0.000000
000130 0 0 0 0.000000
000131 0 0 0 0.000000
000132 0 0 0 0.000000
000133 0 0 0 0.000000
000134 0 0 0 0.000000
000135 0 0 0 0.000000
000136 0 0 0 0.000000
000137 0 0 0 0.000000
000138 0 0 0 0.000000
000139 0 0 0 0.000000
000140 0 0 0 0.000000
000141 0 0 0 0.000000
000142 0 0 0 0.000000
000143 0 0 0 0.000000
000144 0 0 0 0.000000
000145 0 0 0 0.000000
000146 0 0 0 0.000000
000147 0 0 0 0.000000
000148 0 0 0 0.000000
000149 0 0 0 0.000000
000150 0 0 0 0.000000
000151 0 0 0 0.000000
000152 0 0 0 0.000000
000153 0 0 0 0.000000
000154 0 0 0 0.000000
000155 0 0 0 0.000000
000156 0 0 0 0.000000
000157 0 0 0 0.000000
000158 0 0 0 0.000000
000159 0 0 0 0.000000
000160 0 0 0 0.000000
000161 0 0 0 0.000000
000162 0 0 0 0.000000
000163 0 0 0 0.000000
000164 0 0 0 0.000000
000165 0 0 0 0.000000
000166 0 0 0 0.000000
000167 0 0 0 0.000000
000168 0 0 0 0.000000
000169 0 0 0 0.000000
000170 0 0 0 0.000000
000171 0 0 0 0.000000
000172 0 0 0 0.000000
000173 0 0 0 0.000000
000174 0 0 0 0.000000
000175 0 0 0 0.000000
000176 0 0 0 0.000000
000177 0 0 0 0.000000
000178 0 0 0 0.000000
000179 0 0 0 0.000000
000180 0 0 0 0.000000
000181 0 0 0 0.000000
000182 0 0 0 0.000000
000183 0 0 0 0.000000
000184 0 0 0 0.000000
000185 0 0 0 0.000000
000186 0 0 0 0.000000
000187 0 0 0 0.000000
000188 0 0 0 0.000000
000189 0 0 0 0.000000
000190 0 0 0 0.000000
000191 0 0 0 0.000000
000192 0 0 0 0.000000
000193 0 0 0 0.000000
000194 0 0 0 0.000000
000195 0 0 0 0.000000
000196 0 0 0 0.000000
000197 0 0 0 0.000000
000198 0 0 0 0.000000
000199 0 0 0 0.000000
000200 0 0 0 0.000000
000201 0 0 0 0.000000
000202 0 0 0 0.000000
000203 0 0 0 0.000000
000204 0 0 0 0.000000
000205 0 0 0 0.000000
000206 0 0 0 0.000000
000207 0 0 0 0.000000
000208 0 0 0 0.000000
000209 0 0 0 0.000000
000210 0 0 0 0.000000
000211 0 0 0 0.000000
000212 0 0 0 0.000000
000213 0 0 0 0.000000
000214 0 0 0 0.000000
000215 0 0 0 0.000000
000216 0 0 0 0.000000
000217 0 0 0 0.000000
000218 0 0 0 0.000000
000219 0 0 0 0.000000
000220 0 0 0 0.000000
000221 0 0 0 0.000000
000222 0 0 0 0.000000
000223 0 0 0 0.000000
000224 0 0 0 0.000000
000225 0 0 0 0.000000
000226 0 0 0 0.000000
000227 0 0 0 0.000000
000228 0 0 0 0.000000
000229 0 0 0 0.000000
000230 0 0 0 0.000000
000231 0 0 0 0.000000
000232 0 0 0 0.000000
000233 0 0 0 0.000000
000234 0 0 0 0.000000
000235 0 0 0 0.000000
000236 0 0 0 0.000000
000237 0 0 0 0.000000
000238 0 0 0 0.000000
000239 0 0 0 0.000000
000240 0 0 0 0.000000
000241 0 0 0 0.000000
000242 0 0 0 0.000000
000243 0 0 0 0.000000
000244 0 0 0 0.000000
000245 0 0 0 0.000000
000246 0 0 0 0.000000
000247 0 0 0 0.000000
000248 0 0 0 0.000000
000249 0 0 0 0.000000
000250 0 0 0 0.000000
000251 0 0 0 0.000000
000252 0 0 0 0.000000
000253 0 0 0 0.000000
000254 0 0 0 0.000000
000255 0 0 0 0.000000
000256 0 0 0 0.000000
000257 0 0 0 0.000000
000258 0 0 0 0.000000
000259 0 0 0 0.000000
000260 0 0 0 0.000000
000261 0 0 1 0.000000
000262 0 0 0 0.000000
000263 0 0 0 0.000000
000264 0 0 0 0.000000
000265 0 0 0 0.000000
000266 0 0 0 0.000000
000267 0 0 0 0.000000
000268 0 0 0 0.000000
000269 0 0 0 0.000000
000270 0 0 0 0.000000
000271 0 0 0 0.000000
000272 0 0 1 0.000000
000273 0 0 0 0.000000
000274 0 0 0 0.000000
000275 0 0 0 0.000000
000276 0 0 0 0.000000
000277 0 0 0 0.000000
000278 0 0 0 0.000000
000279 0 0 0 0.000000
000280 0 0 0 0.000000
000281 0 0 0 0.000000
000282 0 0 0 0.000000
000283 0 0 0 0.000000
000284 0 0 0 0.000000
000285 0 0 0 0.000000
000286 0 0 0 0.000000
000287 0 0 0 0.000000
000288 0 0 0 0.000000
000289 0 0 0 0.000000
000290 0 0 0 0.000000
000291 0 0 0 0.000000
000292 0 0 0 0.000000
000293 0 0 0 0.000000
000294 0 0 0 0.000000
000295 0 0 0 0.000000
000296 0 0 0 0.000000
000297 0 0 0 0.000000
000298 0 0 0 0.000000
000299 0 0 0 0.000000
000300 0 0 0 0.000000
000301 0 0 0 0.000000
000302 0 0 0 0.000000
000303 0 0 0 0.000000
000304 0 0 0 0.000000
000305 0 0 0 0.000000
000306 0 0 0 0.000000
000307 0 0 0 0.000000
000308 0 0 0 0.000000
000309 0 0 0 0.000000
000310 0 0 0 0.000000
000311 0 0 0 0.000000
000312 0 0 0 0.000000
000313 0 0 0 0.000000
000314 0 0 0 0.000000
000315 0 0 0 0.000000
000316 0 0 0 0.000000
000317 0 0 0 0.000000
000318 0 0 0 0.000000
000319 0 0 0 0.000000
000320 0 0 0 0.000000
000321 0 0 0 0.000000
000322 0 0 0 0.000000
000323 0 0 0 0.000000
000324 0 0 0 0.000000
000325 0 0 0 0.000000
000326 0 0 0 0.000000
000327 0 0 0 0.000000
000328 0 0 0 0.000000
000329 0 0 0 0.000000
000330 0 0 0 0.000000
000331 0 0 0 0.000000
000332 0 0 0 0.000000
000333 0 0 0 0.000000
000334 0 0 0 0.000000
000335 0 0 0 0.000000
000336 0 0 0 0.000000
000337 0 0 0 0.000000
000338 0 0 0 0.000000
000339 0 0 0 0.000000
000340 0 0 0 0.000000
000341 0 0 0 0.000000
000342 0 0 0 0.000000
000343 0 0 0 0.000000
000344 0 0 0 0.000000
000345 0 0 0 0.000000
000346 0 0 0 0.000000
000347 0 0 0 0.000000
000348 0 0 0 0.000000
000349 0 0 0 0.000000
000350 0 0 0 0.000000
000351 0 0 0 0.000000
000352 0 0 0 0.000000
000353 0 0 0 0.000000
000354 0 0 0 0.000000
000355 0 0 0 0.000000
000356 0 0 0 0.000000
000357 0 0 0 0.000000
000358 0 0 0 0.000000
000359 0 0 0 0.000000
000360 0 0 0 0.000000
000361 0 0 0 0.000000
000362 0 0 0 0.000000
000363 0 0 0 0.000000
000364 0 0 0 0.000000
000365 0 0 0 0.000000
000366 0 0 0 0.000000
000367 0 0 0 0.000000
000368 0 0 0 0.000000
000369 0 0 0 0.000000
000370 0 0 0 0.000000
000371 0 0 0 0.000000
000372 0 0 0 0.000000
000373 0 0 0 0.000000
000374 0 0 0 0.000000
000375 0 0 0 0.000000
000376 0 0 0 0.000000
000377 0 0 0 0.000000
000378 0 0 0 0.000000
000379 0 0 0 0.000000
000380 0 0 0 0.000000
000381 0 0 0 0.000000
000382 0 0 0 0.000000
000383 0 0 0 0.000000
000384 0 0 0 0.000000
000385 0 0 0 0.000000
000386 0 0 0 0.000000
000387 0 0 0 0.000000
000388 0 0 0 0.000000
000389 0 0 1 0.000000
000390 0 0 0 0.000000
000391 0 0 0 0.000000
000392 0 0 1 0.000000
000393 0 0 1 0.000000
000394 0 0 1 0.000000
000395 0 0 0 0.000000
000396 0 0 0 0.000000
000397 0 0 0 0.000000
000398 0 0 0 0.000000
000399 0 0 0 0.000000
000400 0 0 0 0.000000
000401 0 0 0 0.000000
000402 0 0 0 0.000000
000403 0 0 0 0.000000
000404 0 0 0 0.000000
000405 0 0 0 0.000000
000406 0 0 0 0.000000
000407 0 0 0 0.000000
000408 0 0 0 0.000000
000409 0 0 0 0.000000
000410 0 0 0 0.000000
000411 0 0 0 0.000000
000412 0 0 0 0.000000
000413 0 0 0 0.000000
000414 0 0 0 0.000000
000415 0 0 0 0.000000
000416 0 0 0 0.000000
000417 0 0 0 0.000000
000418 0 0 0 0.000000
000419 0 0 0 0.000000
000420 0 0 0 0.000000
000421 0 0 0 0.000000
000422 0 0 0 0.000000
000423 0 0 0 0.000000
000424 0 0 0 0.000000
000425 0 0 0 0.000000
000426 0 0 0 0.000000
000427 0 0 0 0.000000
000428 0 0 0 0.000000
000429 0 0 0 0.000000
000430 0 0 0 0.000000
000431 0 0 0 0.000000
000432 0 0 0 0.000000
000433 0 0 0 0.000000
000434 0 0 0 0.000000
000435 0 0 0 0.000000
000436 0 0 0 0.000000
000437 0 0 0 0.000000
000438 0 0 0 0.000000
000439 0 0 0 0.000000
000440 0 0 0 0.000000
000441 0 0 0 0.000000
000442 0 0 0 0.000000
000443 0 0 0 0.000000
000444 0 0 0 0.000000
000445 0 0 0 0.000000
000446 0 0 0 0.000000
000447 0 0 0 0.000000
000448 0 0 0 0.000000
000449 0 0 0 0.000000
000450 0 0 0 0.000000
000451 0 0 0 0.000000
000452 0 0 0 0.000000
000453 0 0 0 0.000000
000454 0 0 0 0.000000
000455 0 0 0 0.000000
000456 0 0 0 0.000000
000457 0 0 0 0.000000
000458 0 0 0 0.000000
000459 0 0 0 0.000000
000460 0 0 0 0.000000
000461 0 0 0 0.000000
000462 0 0 0 0.000000
000463 0 0 0 0.000000
000464 0 0 0 0.000000
000465 0 0 0 0.000000
000466 0 0 0 0.000000
000467 0 0 0 0.000000
000468 0 0 0 0.000000
000469 0 0 0 0.000000
000470 0 0 0 0.000000
000471 0 0 0 0.000000
000472 0 0 0 0.000000
000473 0 0 0 0.000000
000474 0 0 0 0.000000
000475 0 0 0 0.000000
000476 0 0 0 0.000000
000477 0 0 1 0.000000
000478 0 0 0 0.000000
000479 0 0 1 0.000000
000480 0 0 1 0.000000
000481 0 0 1 0.000000
000482 0 0 0 0.000000
000483 0 0 0 0.000000
000484 0 0 0 0.000000
000485 0 0 0 0.000000
000486 0 0 0 0.000000
000487 0 0 0 0.000000
000488 0 0 0 0.000000
000489 0 0 0 0.000000
000490 0 0 0 0.000000
000491 0 0 0 0.000000
000492 0 0 0 0.000000
000493 0 0 0 0.000000
000494 0 0 0 0.000000
000495 0 0 0 0.000000
000496 0 0 0 0.000000
000497 0 0 0 0.000000
000498 0 0 0 0.000000
000499 0 0 0 0.000000
000500 0 0 0 0.000000
000501 0 0 0 0.000000
000502 0 0 0 0.000000
000503 0 0 0 0.000000
000504 0 0 0 0.000000
000505 0 0 0 0.000000
000506 0 0 0 0.000000
000507 0 0 0 0.000000
000508 0 0 0 0.000000
000509 0 0 0 0.000000
000510 0 0 0 0.000000
000511 0 0 0 0.000000
000512 0 0 0 0.000000
000513 0 0 0 0.000000
000514 0 0 0 0.000000
000515 0 0 0 0.000000
000516 0 0 0 0.000000
000517 0 0 0 0.000000
000518 0 0 0 0.000000
000519 0 0 0 0.000000
000520 0 0 0 0.000000
000521 0 0 0 0.000000
000522 0 0 0 0.000000
000523 0 0 0 0.000000
000524 0 0 0 0.000000
000525 0 0 0 0.000000
000526 0 0 0 0.000000
000527 0 0 0 0.000000
000528 0 0 0 0.000000
000529 0 0 0 0.000000
000530 0 0 0 0.000000
000531 0 0 0 0.000000
000532 0 0 0 0.000000
000533 0 0 0 0.000000
000534 0 0 0 0.000000
000535 0 0 0 0.000000
000536 0 0 0 0.000000
000537 0 0 0 0.000000
000538 0 0 0 0.000000
000539 0 0 0 0.000000
000540 0 0 0 0.000000
000541 0 0 0 0.000000
000542 0 0 0 0.000000
000543 0 0 0 0.000000
000544 0 0 0 0.000000
000545 0 0 0 0.000000
000546 0 0 0 0.000000
000547 0 0 0 0.000000
000548 0 0 0 0.000000
000549 0 0 0 0.000000
000550 0 0 0 0.000000
000551 0 0 0 0.000000
000552 0 0 0 0.000000
000553 0 0 0 0.000000
000554 0 0 0 0.000000
000555 0 0 0 0.000000
000556 0 0 0 0.000000
000557 0 0 0 0.000000
000558 0 0 0 0.000000
000559 0 0 0 0.000000
000560 0 0 0 0.000000
000561 0 0 0 0.000000
000562 0 0 0 0.000000
000563 0 0 0 0.000000
000564 0 0 0 0.000000
000565 0 0 0 0.000000
000566 0 0 0 0.000000
000567 0 0 0 0.000000
000568 0 0 0 0.000000
000569 0 0 0 0.000000
000570 0 0 0 0.000000
000571 0 0 0 0.000000
000572 0 0 1 0.000000
000573 0 0 1 0.000000
000574 0 0 0 0.000000
000575 0 0 0 0.000000
000576 0 0 0 0.000000
000577 0 0 0 0.000000
000578 0 0 0 0.000000
000579 0 0 0 0.000000
000580 0 0 0 0.000000
000581 0 0 0 0.000000
000582 0 0 0 0.000000
000583 0 0 0 0.000000
000584 0 0 0 0.000000
000585 0 0 0 0.000000
000586 0 0 0 0.000000
000587 0 0 0 0.000000
000588 0 0 0 0.000000
000589 0 0 0 0.000000
000590 0 0 0 0.000000
000591 0 0 0 0.000000
000592 0 0 0 0.000000
000593 0 0 0 0.000000
000594 0 0 0 0.000000
000595 0 0 0 0.000000
000596 0 0 0 0.000000
000597 0 0 0 0.000000
000598 0 0 0 0.000000
000599 0 0 0 0.000000
000600 0 0 0 0.000000
000601 0 0 0 0.000000
000602 0 0 0 0.000000
000603 0 0 0 0.000000
000604 0 0 0 0.000000
000605 0 0 0 0.000000
000606 0 0 0 0.000000
000607 0 0 0 0.000000
000608 0 0 0 0.000000
000609 0 0 0 0.000000
000610 0 0 0 0.000000
000611 0 0 0 0.000000
000612 0 0 1 0.000000
000613 0 0 1 0.000000
000614 0 0 1 0.000000
000615 0 0 1 0.000000
000616 0 0 1 0.000000
000617 0 0 1 0.000000
000618 0 0 1 0.000000
000619 0 0 1 0.000000
000620 0 0 0 0.000000
000621 0 0 0 0.000000
000622 0 0 0 0.000000
000623 0 0 0 0.000000
000624 0 0 0 0.000000
000625 0 0 0 0.000000
000626 0 0 0 0.000000
000627 0 0 0 0.000000
000628 0 0 1 0.000000
000629 0 0 1 0.000000
000630 0 0 1 0.000000
000631 0 0 1 0.000000
000632 0 0 0 0.000000
000633 0 0 1 0.000000
000634 0 0 1 0.000000
000635 0 0 0 0.000000
000636 0 0 0 0.000000
000637 0 0 0 0.000000
000638 0 0 0 0.000000
000639 0 0 0 0.000000
000640 0 0 0 0.000000
000641 0 0 0 0.000000
000642 0 0 0 0.000000
000643 0 0 0 0.000000
000644 0 0 0 0.000000
000645 0 0 0 0.000000
000646 0 0 0 0.000000
000647 0 0 0 0.000000
000648 0 0 0 0.000000
000649 0 0 0 0.000000
000650 0 0 0 0.000000
000651 0 0 0 0.000000
000652 0 0 0 0.000000
000653 0 0 0 0.000000
000654 0 0 0 0.000000
000655 0 0 0 0.000000
000656 0 0 0 0.000000
000657 0 0 0 0.000000
000658 0 0 0 0.000000
000659 0 0 0 0.000000
000660 0 0 0 0.000000
000661 0 0 0 0.000000
000662 0 0 0 0.000000
000663 0 0 0 0.000000
000664 0 0 0 0.000000
000665 0 0 0 0.000000
000666 0 0 0 0.000000
000667 0 0 0 0.000000
000668 0 0 0 0.000000
000669 0 0 0 0.000000
000670 0 0 0 0.000000
000671 0 0 0 0.000000
000672 0 0 0 0.000000
000673 0 0 0 0.000000
000674 0 0 0 0.000000
000675 0 0 0 0.000000
000676 0 0 0 0.000000
000677 0 0 0 0.000000
000678 0 0 0 0.000000
000679 0 0 0 0.000000
000680 0 0 0 0.000000
000681 0 0 0 0.000000
000682 0 0 0 0.000000
000683 0 0 0 0.000000
000684 0 0 0 0.000000
000685 0 0 0 0.000000
000686 0 0 0 0.000000
000687 0 0 0 0.000000
000688 0 0 0 0.000000
000689 0 0 0 0.000000
000690 0 0 0 0.000000
000691 0 0 0 0.000000
000692 0 0 0 0.000000
000693 0 0 0 0.000000
000694 0 0 0 0.000000
000695 0 0 0 0.000000
000696 0 0 0 0.000000
000697 0 0 0 0.000000
000698 0 0 0 0.000000
000699 0 0 1 0.000000
000700 0 0 1 0.000000
000701 0 0 0 0.000000
000702 0 0 0 0.000000
000703 1 0 0 0.000000
000704 1 0 0 0.000000
000705 1 0 0 0.000000
000706 1 0 0 0.000000
000707 1 0 0 0.000000
000708 1 0 0 0.000000
000709 1 0 0 0.000000
000710 1 0 0 0.000000
000711 1 0 0 0.000000
000712 1 0 0 0.000000
000713 1 0 0 0.000000
000714 1 0 0 0.000000
000715 1 0 0 0.000000
000716 1 0 1 0.286300
000717 1 0 0 0.000000
000718 1 0 0 0.000000
000719 1 0 0 0.000000
000720 1 0 0 0.000000
000721 1 0 0 0.000000
000722 1 0 0 0.000000
000723 1 0 0 0.000000
000724 1 1 0 0.696692
000725 1 0 0 0.000000
000726 1 0 0 0.000000
000727 1 0 0 0.000000
000728 1 0 0 0.000000
000729 1 0 0 0.000000
000730 1 1 0 0.820999
000731 1 0 0 0.000000
000732 1 0 0 0.000000
000733 1 0 0 0.000000
000734 1 0 0 0.000000
000735 1 1 0 0.756047
000736 1 0 0 0.000000
000737 1 0 0 0.000000
000738 1 0 0 0.000000
000739 1 0 0 0.000000
000740 1 1 0 0.717342
000741 1 0 0 0.000000
000742 1 0 0 0.000000
000743 1 0 0 0.000000
000744 1 0 0 0.000000
000745 1 0 0 0.000000
000746 1 0 0 0.000000
000747 1 0 0 0.000000
000748 1 0 0 0.000000
000749 1 0 0 0.000000
000750 1 0 0 0.000000
000751 1 0 0 0.000000
000752 1 0 0 0.000000
000753 1 0 0 0.000000
000754 1 0 0 0.000000
000755 1 0 0 0.000000
000756 1 0 0 0.000000
000757 1 0 0 0.000000
000758 1 0 0 0.000000
000759 1 0 0 0.000000
000760 1 0 0 0.000000
000761 1 0 0 0.000000
000762 1 0 0 0.000000
000763 1 0 0 0.000000
000764 1 0 0 0.000000
000765 1 0 0 0.000000
000766 1 0 0 0.000000
000767 1 0 0 0.000000
000768 1 0 0 0.000000
000769 1 0 0 0.000000
000770 1 0 0 0.000000
000771 1 0 0 0.000000
000772 1 0 0 0.000000
000773 1 0 0 0.000000
000774 1 0 0 0.000000
000775 1 0 0 0.000000
000776 1 0 0 0.000000
000777 1 0 0 0.000000
000778 1 0 0 0.000000
000779 1 0 0 0.000000
000780 1 0 0 0.000000
000781 1 0 0 0.000000
000782 1 0 0 0.000000
000783 1 0 0 0.000000
000784 1 0 0 0.000000
000785 1 0 0 0.000000
000786 1 0 0 0.000000
000787 1 0 0 0.000000
000788 1 0 0 0.000000
000789 1 0 0 0.000000
000790 1 0 0 0.000000
000791 1 0 0 0.000000
000792 1 0 0 0.000000
000793 1 0 0 0.000000
000794 1 0 0 0.000000
000795 1 0 0 0.000000
000796 1 0 0 0.000000
000797 1 0 0 0.000000
000798 1 0 0 0.000000
000799 1 0 0 0.000000
000800 1 0 0 0.000000
000801 1 0 0 0.000000
000802 1 0 0 0.000000
000803 1 0 0 0.000000
000804 1 0 0 0.000000
000805 1 0 0 0.000000
000806 1 0 0 0.000000
000807 1 0 0 0.000000
000808 1 0 0 0.000000
000809 1 0 0 0.000000
000810 1 0 0 0.000000
000811 1 0 0 0.000000
000812 1 0 0 0.000000
000813 1 0 0 0.000000
000814 1 0 0 0.000000
000815 1 0 0 0.000000
000816 1 0 0 0.000000
000817 1 0 0 0.000000
000818 1 0 0 0.000000
000819 1 0 0 0.000000
000820 1 0 0 0.000000
000821 1 0 0 0.000000
000822 1 0 0 0.000000
000823 1 0 0 0.000000
000824 1 0 0 0.000000
000825 1 0 0 0.000000
000826 1 0 0 0.000000
000827 1 0 0 0.000000
000828 1 0 0 0.000000
000829 1 0 0 0.000000
000830 1 0 0 0.000000
000831 1 0 0 0.000000
000832 1 0 0 0.000000
000833 1 0 0 0.000000
000834 1 0 0 0.000000
000835 1 0 0 0.000000
000836 1 0 0 0.000000
000837 1 0 0 0.000000
000838 1 0 0 0.000000
000839 1 0 0 0.000000
000840 1 0 0 0.000000
000841 1 0 0 0.000000
000842 1 0 0 0.000000
000843 1 0 0 0.000000
000844 1 0 0 0.000000
000845 1 1 0 0.626746
000846 1 0 0 0.000000
000847 1 1 0 0.693066
000848 1 1 0 0.626746
000849 1 1 0 0.626746
000850 1 0 0 0.000000
000851 1 0 0 0.000000
000852 1 1 0 0.676042
000853 1 0 0 0.000000
000854 1 0 0 0.000000
000855 1 0 0 0.000000
000856 1 0 0 0.000000
000857 1 0 0 0.000000
000858 1 0 0 0.000000
000859 1 0 0 0.000000
000860 1 0 0 0.000000
000861 1 0 0 0.000000
000862 1 0 0 0.000000
000863 1 0 0 0.000000
000864 1 0 0 0.000000
000865 1 0 0 0.000000
000866 1 0 0 0.000000
000867 1 0 0 0.000000
000868 1 0 0 0.000000
000869 1 0 0 0.000000
000870 1 0 0 0.000000
000871 1 0 0 0.000000
000872 1 0 0 0.000000
000873 1 0 0 0.000000
000874 1 1 0 0.586953
000875 1 0 0 0.000000
000876 1 0 0 0.000000
000877 1 0 0 0.000000
000878 1 0 0 0.000000
000879 1 0 0 0.000000
000880 1 0 0 0.000000
000881 1 0 0 0.000000
000882 1 0 0 0.000000
000883 1 0 0 0.000000
000884 1 0 0 0.000000
000885 1 0 0 0.000000
000886 1 0 0 0.000000
000887 1 0 0 0.000000
000888 1 0 0 0.000000
000889 1 0 0 0.000000
000890 1 0 0 0.000000
000891 1 0 0 0.000000
000892 1 0 0 0.000000
000893 1 0 0 0.000000
000894 1 0 0 0.000000
000895 1 0 0 0.000000
000896 1 0 0 0.000000
000897 1 0 0 0.000000
000898 1 0 0 0.000000
000899 1 0 0 0.000000
000900 1 0 0 0.000000
000901 1 0 0 0.000000
000902 1 0 0 0.000000
000903 1 0 0 0.000000
000904 1 0 0 0.000000
000905 1 0 0 0.000000
000906 1 0 0 0.000000
000907 1 0 0 0.000000
000908 1 0 0 0.000000
000909 1 0 0 0.000000
000910 1 0 0 0.000000
000911 1 0 0 0.000000
000912 1 0 0 0.000000
000913 1 0 0 0.000000
000914 1 0 0 0.000000
000915 1 0 0 0.000000
000916 1 0 0 0.000000
000917 1 0 1 0.000000
000918 1 0 0 0.000000
000919 1 0 0 0.000000
000920 1 1 0 0.568507
000921 1 0 0 0.000000
000922 1 0 0 0.000000
000923 1 0 0 0.000000
000924 1 0 0 0.000000
000925 1 0 0 0.000000
000926 1 0 0 0.000000
000927 1 0 0 0.000000
000928 1 0 0 0.000000
000929 1 0 0 0.000000
000930 1 0 0 0.000000
000931 1 0 0 0.000000
000932 1 0 0 0.000000
000933 1 0 0 0.000000
000934 1 0 0 0.000000
000935 1 0 0 0.000000
000936 1 0 0 0.000000
000937 1 0 0 0.000000
000938 1 0 0 0.000000
000939 1 0 0 0.000000
000940 1 0 0 0.000000
000941 1 0 0 0.000000
000942 1 0 0 0.000000
000943 1 0 0 0.000000
000944 1 0 0 0.000000
000945 1 0 0 0.000000
000946 1 0 0 0.000000
000947 1 0 0 0.000000
000948 1 0 0 0.000000
000949 1 0 0 0.000000
000950 1 0 0 0.000000
000951 1 0 0 0.000000
000952 1 0 0 0.000000
000953 1 0 0 0.000000
000954 1 0 0 0.000000
000955 1 0 0 0.000000
000956 1 0 0 0.000000
000957 1 0 0 0.000000
000958 1 0 0 0.000000
000959 1 0 0 0.000000
000960 1 0 0 0.000000
000961 1 0 0 0.000000
000962 1 0 0 0.000000
000963 1 0 0 0.000000
000964 1 0 0 0.000000
000965 1 0 0 0.000000
000966 1 0 0 0.000000
000967 1 0 0 0.000000
000968 1 0 0 0.000000
000969 1 0 0 0.000000
000970 1 0 0 0.000000
000971 1 0 0 0.000000
000972 1 0 0 0.000000
000973 1 0 0 0.000000
000974 1 0 0 0.000000
000975 1 0 0 0.000000
000976 1 0 0 0.000000
000977 1 0 0 0.000000
000978 1 0 0 0.000000
000979 1 0 0 0.000000
000980 1 0 0 0.000000
000981 1 0 0 0.000000
000982 1 0 0 0.000000
000983 1 0 0 0.000000
000984 1 0 0 0.000000
000985 1 0 0 0.000000
000986 1 0 0 0.000000
000987 1 0 0 0.000000
000988 1 0 0 0.000000
000989 1 0 0 0.000000
000990 1 0 0 0.000000
000991 1 0 0 0.000000
000992 1 0 0 0.000000
000993 1 0 0 0.000000
000994 1 0 0 0.000000
000995 1 0 0 0.000000
000996 1 0 0 0.000000
000997 1 0 0 0.000000
000998 1 0 0 0.000000
000999 1 0 0 0.000000
001000 1 0 0 0.000000
001001 1 0 0 0.000000
001002 1 0 0 0.000000
001003 1 0 0 0.000000
001004 1 0 0 0.000000
001005 1 0 0 0.000000
001006 1 0 0 0.000000
001007 1 1 0 0.731151
001008 1 1 0 0.575988
001009 1 1 0 0.600910
001010 1 1 0 0.655503
001011 1 1 0 0.668574
001012 1 0 0 0.000000
001013 1 1 0 0.608283
001014 1 1 0 0.691542
001015 1 1 0 0.606675
001016 1 1 0 0.319393
001017 1 1 0 0.326739
001018 1 1 0 0.348025
001019 1 1 0 0.348025
001020 1 1 0 0.339865
001021 1 1 0 0.319393
001022 1 1 0 0.323778
001023 1 1 0 0.308396
001024 1 1 0 0.323778
001025 1 1 0 0.319393
001026 1 1 0 0.341027
001027 1 0 0 0.000000
001028 1 1 0 0.321141
001029 1 0 0 0.000000
001030 1 0 0 0.000000
001031 1 0 0 0.000000
001032 1 0 0 0.000000
001033 1 0 0 0.000000
001034 1 0 0 0.000000
001035 1 0 0 0.000000
001036 1 0 0 0.000000
001037 1 0 0 0.000000
001038 1 0 0 0.000000
001039 1 0 0 0.000000
001040 1 0 0 0.000000
001041 1 0 0 0.000000
001042 1 0 0 0.000000
001043 1 0 0 0.000000
001044 1 1 0 0.307583
001045 1 0 0 0.000000
001046 1 0 0 0.000000
001047 1 0 0 0.000000
001048 1 0 0 0.000000
001049 1 1 0 0.359824
001050 1 0 0 0.000000
001051 1 0 0 0.000000
001052 1 0 0 0.000000
001053 1 0 0 0.000000
001054 1 0 0 0.000000
001055 1 0 0 0.000000
001056 1 0 0 0.000000
001057 1 0 0 0.000000
001058 1 0 0 0.000000
001059 1 0 0 0.000000
001060 1 0 0 0.000000
001061 1 0 0 0.000000
001062 1 0 0 0.000000
001063 1 0 0 0.000000
001064 1 0 0 0.000000
001065 1 0 0 0.000000
001066 1 0 0 0.000000
001067 1 0 0 0.000000
001068 1 0 0 0.000000
001069 1 0 0 0.000000
001070 1 0 0 0.000000
001071 1 0 0 0.000000
001072 1 0 0 0.000000
001073 1 0 0 0.000000
001074 1 0 0 0.000000
001075 1 0 0 0.000000
001076 1 0 0 0.000000
001077 1 0 0 0.000000
001078 1 0 0 0.000000
001079 1 0 0 0.000000
001080 1 0 0 0.000000
001081 1 0 0 0.000000
001082 1 0 0 0.000000
001083 1 0 0 0.000000
001084 1 0 0 0.000000
001085 1 0 0 0.000000
001086 1 0 0 0.000000
001087 1 0 0 0.000000
001088 1 0 0 0.000000
001089 1 0 0 0.000000
001090 1 0 0 0.000000
001091 1 0 0 0.000000
001092 1 0 0 0.000000
001093 1 0 0 0.000000
001094 1 0 0 0.000000
001095 1 0 0 0.000000
001096 1 0 0 0.000000
001097 1 0 0 0.000000
001098 1 0 0 0.000000
001099 1 0 0 0.000000
001100 1 0 0 0.000000
001101 1 0 0 0.000000
001102 1 0 0 0.000000
001103 1 0 0 0.000000
001104 1 0 0 0.000000
001105 1 0 0 0.000000
001106 1 0 0 0.000000
001107 1 0 0 0.000000
001108 1 0 0 0.000000
001109 1 0 0 0.000000
001110 1 0 0 0.000000
001111 1 0 0 0.000000
001112 1 0 0 0.000000
001113 1 0 0 0.000000
001114 1 0 0 0.000000
001115 1 1 0 0.379291
001116 1 0 0 0.000000
001117 1 0 0 0.000000
001118 1 0 0 0.000000
001119 1 0 0 0.000000
001120 1 0 0 0.000000
001121 1 1 0 0.529041
001122 1 0 0 0.000000
001123 1 0 0 0.000000
001124 1 0 0 0.000000
001125 1 0 0 0.000000
001126 1 0 0 0.000000
001127 1 0 0 0.000000
001128 1 0 0 0.000000
001129 1 0 0 0.000000
001130 1 0 0 0.000000
001131 1 0 0 0.000000
001132 1 0 0 0.000000
001133 1 0 0 0.000000
001134 1 0 0 0.000000
001135 1 0 0 0.000000
001136 1 0 0 0.000000
001137 1 0 0 0.000000
001138 1 1 0 0.507153
001139 1 1 0 0.439283
001140 1 1 0 0.437853
001141 1 1 0 0.430643
001142 1 0 0 0.000000
001143 1 0 0 0.000000
001144 1 0 0 0.000000
001145 1 0 0 0.000000
001146 1 0 0 0.000000
001147 1 0 0 0.000000
001148 1 0 0 0.000000
001149 1 0 0 0.000000
001150 1 1 0 0.546365
001151 1 1 0 0.498575
001152 1 1 0 0.432417
001153 1 0 0 0.000000
001154 1 0 0 0.000000
001155 1 1 0 0.498831
001156 1 1 0 0.425875
001157 1 1 0 0.456898
001158 1 1 1 0.220708
001159 1 1 0 0.389359
001160 1 1 0 0.463821
001161 1 1 0 0.456577
001162 1 0 0 0.000000
001163 1 0 0 0.000000
001164 1 0 0 0.000000
001165 1 0 0 0.000000
001166 1 0 0 0.000000
001167 1 0 0 0.000000
001168 1 0 0 0.000000
001169 1 0 0 0.000000
001170 1 0 0 0.000000
001171 1 0 0 0.000000
001172 1 0 0 0.000000
001173 1 0 0 0.000000
001174 1 0 0 0.000000
001175 1 0 0 0.000000
001176 1 0 0 0.000000
001177 1 0 0 0.000000
001178 1 0 0 0.000000
001179 1 0 0 0.000000
001180 1 0 0 0.000000
001181 1 1 0 0.462358
001182 1 0 0 0.000000
001183 1 0 0 0.000000
001184 1 1 0 0.390363
001185 1 0 0 0.000000
001186 1 0 0 0.000000
001187 1 0 0 0.000000
001188 1 1 0 0.396146
001189 1 1 0 0.398206
001190 1 1 0 0.398206
001191 1 1 0 0.392448
001192 1 0 0 0.000000
001193 1 0 0 0.000000
001194 1 0 0 0.000000
001195 1 0 0 0.000000
001196 1 0 0 0.000000
001197 1 0 0 0.000000
001198 1 1 0 0.456577
001199 1 1 0 0.463821
001200 1 0 0 0.000000
001201 1 1 0 0.425875
001202 1 0 0 0.000000
001203 1 0 0 0.000000
001204 1 1 0 0.354821
001205 1 1 0 0.834369
001206 1 1 0 0.862047
001207 1 1 0 0.908302
001208 1 1 0 0.974733
001209 1 1 0 0.960177
001210 1 1 0 0.956572
001211 1 1 0 0.895187
001212 1 1 0 0.956572
001213 1 1 0 0.970998
001214 1 1 0 0.927646
001215 1 1 0 0.962777
001216 1 1 0 0.898164
001217 1 1 0 0.858457
001218 1 1 0 0.817497
001219 1 1 0 0.905292
001220 1 1 0 0.890748
001221 1 1 0 0.974025
001222 1 1 0 0.876010
001223 1 1 0 0.884919
001224 1 1 0 0.915486
001225 1 1 0 0.970998
001226 1 1 0 0.885715
001227 1 1 0 0.838410
001228 1 1 0 0.961498
001229 1 1 0 0.902576
001230 1 0 0 0.000000
001231 1 1 0 0.871195
001232 1 0 0 0.000000
001233 1 1 0 0.862895
001234 1 1 0 0.887164
001235 1 0 0 0.000000
001236 1 1 0 0.899900
001237 1 1 0 0.899900
001238 1 1 0 0.844132
001239 1 1 0 0.887025
001240 1 0 0 0.000000
001241 1 0 0 0.000000
001242 1 1 0 0.842719
001243 1 1 0 0.898551
001244 1 1 0 0.898551
001245 1 1 0 0.911765
001246 1 1 0 0.970998
001247 1 1 0 0.950472
001248 1 1 0 0.946049
001249 1 1 0 0.960177
001250 1 1 0 0.974734
001251 1 1 0 0.961498
001252 1 1 1 0.487367
001253 1 1 0 0.946049
001254 1 1 0 0.976113
001255 1 1 0 0.976113
001256 1 1 0 0.960177
001257 1 1 0 0.960177
001258 1 1 0 0.960177
001259 1 1 0 0.965149
001260 1 1 0 0.960177
001261 1 1 0 0.974734
001262 1 1 0 0.911765
001263 1 1 0 0.960177
001264 1 1 0 0.885715
001265 1 1 0 0.947313
001266 1 1 0 0.976113
001267 1 1 0 0.961498
001268 1 1 0 0.874514
001269 1 1 0 0.898551
001270 1 1 0 0.926843
001271 1 1 0 0.898551
001272 1 1 0 0.947313
001273 1 1 0 0.961498
001274 1 1 0 0.885715
001275 1 1 0 0.946049
001276 1 1 0 0.946049
001277 1 1 0 0.885715
001278 1 1 0 0.946049
001279 1 1 0 0.974734
001280 1 1 0 0.974734
001281 1 1 0 0.989738
001282 1 1 0 0.956572
001283 1 1 0 0.960177
001284 1 1 0 0.960177
001285 1 1 0 0.960177
001286 1 1 0 0.974734
001287 1 1 0 0.960177
001288 1 1 0 0.961498
001289 1 1 0 0.885715
001290 1 1 0 0.960177
001291 1 1 0 0.961498
001292 1 1 0 0.832408
001293 1 1 0 0.831020
001294 1 1 0 0.819641
001295 1 1 0 0.899900
001296 1 1 0 0.844132
001297 1 1 0 0.911765
001298 1 1 0 0.887025
001299 1 1 0 0.947313
001300 1 1 0 0.898551
001301 1 1 0 0.947313
001302 1 1 0 0.960177
001303 1 1 0 0.961498
001304 1 1 0 0.946049
001305 1 1 0 0.960177
001306 1 1 0 0.960177
001307 1 1 0 0.974734
001308 1 1 1 0.528055
001309 1 1 0 0.950472
001310 1 1 1 0.540474
001311 1 1 1 0.529757
001312 1 1 1 0.523796
001313 1 1 1 0.531974
001314 1 1 1 0.502297
001315 1 1 1 0.503509
001316 1 1 1 0.523796
001317 1 1 1 0.501175
001318 1 1 1 0.422066
001319 1 1 0 0.874514
001320 1 1 0 0.821005
001321 1 1 1 0.501175
001322 1 1 0 0.960177
001323 1 1 0 0.844132
001324 1 1 0 0.898551
001325 1 1 0 0.885715
001326 1 1 0 0.898551
001327 1 1 0 0.899900
001328 1 1 0 0.976113
001329 1 1 0 0.911765
001330 1 1 0 0.911765
001331 1 1 0 0.961498
001332 1 1 0 0.898551
001333 1 1 0 0.960177
001334 1 1 0 0.947313
001335 1 1 0 0.946049
001336 1 1 0 0.827893
001337 1 1 0 0.895187
001338 1 1 0 0.961498
001339 1 1 0 0.961498
001340 1 1 0 0.885715
001341 1 1 0 0.899900
001342 1 1 0 0.974734
001343 1 1 0 0.974734
001344 1 1 0 0.882446
001345 1 1 0 0.960177
001346 1 1 0 0.946049
001347 1 1 0 0.974734
001348 1 1 0 0.961498
001349 1 1 0 0.908302
001350 1 1 0 0.933541
001351 1 1 0 0.899900
001352 1 1 0 0.885715
001353 1 1 0 0.961498
001354 1 1 0 0.911765
001355 1 1 0 0.946049
001356 1 1 0 0.974734
001357 1 1 0 0.911765
001358 1 1 0 0.956572
001359 1 1 0 0.985866
001360 1 1 0 0.961498
001361 1 1 0 0.960177
001362 1 1 0 0.960177
001363 1 1 0 0.946049
001364 1 1 0 0.961498
001365 1 1 0 0.947313
001366 1 1 0 0.832408
001367 1 1 0 0.911765
001368 1 1 0 0.844132
001369 1 1 0 0.832408
001370 1 1 0 0.976113
001371 1 1 0 0.843955
001372 1 0 0 0.000000
001373 1 1 0 0.947313
001374 1 1 0 0.960177
001375 1 1 0 0.985866
001376 1 0 0 0.000000
001377 1 1 0 0.911765
001378 1 1 0 0.956572
001379 1 1 0 0.961498
001380 1 1 0 0.911765
001381 1 1 0 0.960177
001382 1 1 0 0.911765
001383 1 1 0 0.960177
001384 1 1 0 0.911765
001385 1 1 0 0.950472
001386 1 1 0 0.899900
001387 1 1 0 0.974734
001388 1 1 0 0.956572
001389 1 1 0 0.974734
001390 1 1 0 0.887026
001391 1 1 0 0.974734
001392 1 1 0 0.974734
001393 1 1 0 0.974734
001394 1 1 0 0.974734
001395 1 1 0 0.960177
001396 1 1 0 0.902240
001397 1 1 0 0.974734
001398 1 1 0 0.974734
001399 1 1 0 0.960177
001400 1 1 0 0.974734
001401 1 1 0 0.961498
001402 1 1 0 0.902240
001403 1 1 0 0.887026
001404 1 1 0 0.960177
001405 1 1 0 0.946050
001406 1 1 0 0.974734
001407 1 1 0 0.960177
001408 1 1 0 0.960177
001409 1 1 0 0.960177
001410 1 1 0 0.965149
001411 1 1 0 0.885715
001412 1 1 0 0.895188
001413 1 1 0 0.845329
001414 1 1 0 0.759605
001415 1 1 0 0.936548
001416 1 1 0 0.663279
001417 1 1 0 0.876443
001418 1 1 0 0.876499
001419 1 1 0 0.628995
001420 1 1 0 0.721441
001421 1 1 0 0.780632
001422 1 0 0 0.000000
001423 1 1 0 0.877043
001424 1 1 0 0.889684
001425 1 1 0 0.962778
001426 1 1 0 0.974734
001427 1 1 0 0.954028
001428 1 1 0 0.954028
001429 1 1 0 0.940298
001430 1 1 0 0.906940
001431 1 1 0 0.911765
001432 1 1 0 0.946050
001433 1 1 0 0.898551
001434 1 1 0 0.888808
001435 1 1 0 0.898551
001436 1 1 0 0.942724
001437 1 1 0 0.888808
001438 1 1 0 0.971546
001439 1 1 0 0.844370
001440 1 1 0 0.817671
001441 1 1 0 0.716129
001442 1 1 0 0.876499
001443 1 1 0 0.942301
001444 1 1 0 0.890436
001445 1 1 0 0.817671
001446 1 1 0 0.775642
001447 1 1 0 0.906337
001448 1 1 0 0.876443
001449 1 1 0 0.862938
001450 1 1 0 0.805475
001451 1 1 0 0.672469
001452 1 1 0 0.663279
001453 1 1 0 0.830363
001454 1 1 0 0.890809
001455 1 1 0 0.902240
001456 1 1 0 0.819642
001457 1 1 0 0.961498
001458 1 1 0 0.898551
001459 1 1 0 0.915486
001460 1 1 0 0.954043
001461 1 1 0 0.844844
001462 1 1 0 0.861682
001463 1 1 0 0.863147
001464 1 1 0 0.919399
001465 1 1 0 0.807128
001466 1 1 0 0.876444
001467 1 1 0 0.827837
001468 1 1 0 0.753174
001469 1 1 0 0.817671
001470 1 1 0 0.844371
001471 1 1 0 0.817448
001472 1 1 0 0.817448
001473 1 1 0 0.905293
001474 1 1 0 0.919399
001475 1 1 0 0.890749
001476 1 1 0 0.789628
001477 1 1 0 0.941966
001478 1 1 0 0.890379
001479 1 1 0 0.830030
001480 1 1 0 0.843119
001481 1 1 0 0.857422
001482 1 1 0 0.920765
001483 1 1 0 0.941423
001484 1 1 0 0.831550
001485 1 1 0 0.906279
001486 1 1 0 0.941966
001487 1 1 0 0.830030
001488 1 1 0 0.830030
001489 1 1 0 0.941966
001490 1 1 0 0.876500
001491 1 1 0 0.827838
001492 1 1 0 0.904824
001493 1 1 0 0.726491
001494 1 1 0 0.941966
001495 1 1 1 0.465709
001496 1 1 1 0.465124
001497 1 1 1 0.516757
001498 1 1 0 1.006582
001499 1 1 1 0.496631
001500 1 1 1 0.442097
001501 1 1 2 0.325640
001502 1 1 0 0.876444
001503 1 1 1 0.476693
001504 1 1 1 0.443566
001505 1 1 1 0.437633
001506 1 1 0 0.863753
001507 1 1 1 0.481171
001508 1 1 1 0.472848
001509 1 1 0 0.877043
001510 1 1 0 0.863753
001511 1 1 0 0.858666
001512 1 1 1 0.472624
001513 1 1 1 0.488848
001514 1 1 1 0.466363
001515 1 1 0 0.817448
001516 1 1 1 0.479458
001517 1 1 0 0.764243
001518 1 1 0 0.764243
001519 1 1 0 0.830243
001520 1 1 0 0.775643
001521 1 1 0 0.876011
001522 1 1 0 0.890749
001523 1 1 0 0.965150
001524 1 1 0 0.965150
001525 1 1 0 0.829379
001526 1 1 0 0.965150
001527 1 1 0 0.915487
001528 1 1 0 0.948915
001529 1 1 0 0.972237
001530 1 1 0 0.901951
001531 1 1 0 0.874830
001532 1 1 0 0.889164
001533 1 1 0 0.980104
001534 1 1 0 0.858490
001535 1 1 0 0.976115
001536 1 1 0 0.915487
001537 1 1 0 0.946443
001538 1 1 0 0.831143
001539 1 1 0 0.807129
001540 1 1 0 0.779586
001541 1 1 0 0.956638
001542 1 1 0 0.831579
001543 1 1 0 0.840764
001544 1 1 0 0.890749
001545 1 1 0 0.905293
001546 1 1 0 0.876012
001547 1 1 0 0.830031
001548 1 1 0 0.876444
001549 1 1 0 0.877044
001550 1 1 0 0.877044
001551 1 1 0 0.905293
001552 1 1 0 0.817448
001553 1 1 0 0.877044
001554 1 1 0 0.890749
001555 1 1 0 0.844459
001556 1 1 0 0.920766
001557 1 1 0 0.890749
001558 1 1 0 0.890749
001559 1 1 0 0.954367
001560 1 1 0 0.889685
001561 1 1 0 0.830031
001562 1 1 0 0.890750
001563 1 1 0 0.876012
001564 1 1 0 0.920766
001565 1 1 0 0.817449
001566 1 1 0 0.991527
001567 1 1 0 0.753174
001568 1 1 0 0.830031
001569 1 1 0 0.817449
001570 1 1 0 0.764244
001571 1 1 0 0.831824
001572 1 1 0 0.817449
001573 1 1 0 0.906279
001574 1 1 0 0.831579
001575 1 1 0 0.890380
001576 1 1 0 0.941967
001577 1 1 0 0.906279
001578 1 1 0 0.817449
001579 1 1 0 0.876445
001580 1 1 0 0.904824
001581 1 1 0 0.830031
001582 1 1 0 0.890380
001583 1 1 0 0.890437
001584 1 1 0 0.890380
001585 1 1 0 0.817449
001586 1 1 0 0.920922
001587 1 1 0 0.906338
001588 1 1 0 0.906338
001589 1 1 0 0.942302
001590 1 1 0 0.904824
001591 1 1 0 0.855264
001592 1 1 0 0.842123
001593 1 0 0 0.000000
001594 1 0 0 0.000000
001595 1 0 0 0.000000
001596 1 0 0 0.000000
001597 1 0 0 0.000000
001598 1 0 0 0.000000
001599 1 0 0 0.000000
001600 1 0 0 0.000000
001601 1 0 0 0.000000
001602 0 0 0 0.000000
001603 0 0 0 0.000000
001604 0 0 0 0.000000
001605 0 0 0 0.000000
001606 0 0 0 0.000000
001607 0 0 0 0.000000
001608 0 0 0 0.000000
001609 0 0 0 0.000000
001610 0 0 0 0.000000
001611 0 0 0 0.000000
001612 0 0 0 0.000000
001613 0 0 0 0.000000
001614 0 0 0 0.000000
001615 0 0 0 0.000000
001616 0 0 0 0.000000
001617 0 0 0 0.000000
001618 0 0 0 0.000000
001619 0 0 0 0.000000
001620 0 0 1 0.000000
