000001 0 0 1 0.000000
000002 0 0 0 0.000000
000003 0 0 1 0.000000
000004 0 0 0 0.000000
000005 0 0 0 0.000000
000006 0 0 0 0.000000
000007 0 0 0 0.000000
000008 0 0 0 0.000000
000009 0 0 2 0.000000
000010 0 0 1 0.000000
000011 0 0 0 0.000000
000012 0 0 0 0.000000
000013 0 0 1 0.000000
000014 0 0 1 0.000000
000015 0 0 1 0.000000
000016 0 0 0 0.000000
000017 0 0 0 0.000000
000018 0 0 2 0.000000
000019 0 0 0 0.000000
000020 0 0 0 0.000000
000021 0 0 0 0.000000
000022 0 0 0 0.000000
000023 0 0 1 0.000000
000024 0 0 0 0.000000
000025 0 0 0 0.000000
000026 0 0 0 0.000000
000027 0 0 0 0.000000
000028 0 0 0 0.000000
000029 0 0 0 0.000000
000030 0 0 0 0.000000
000031 0 0 0 0.000000
000032 0 0 1 0.000000
000033 0 0 0 0.000000
000034 0 0 1 0.000000
000035 0 0 0 0.000000
000036 0 0 0 0.000000
000037 0 0 0 0.000000
000038 0 0 2 0.000000
000039 0 0 0 0.000000
000040 0 0 0 0.000000
000041 0 0 1 0.000000
000042 0 0 1 0.000000
000043 0 0 0 0.000000
000044 0 0 1 0.000000
000045 0 0 1 0.000000
000046 0 0 1 0.000000
000047 0 0 0 0.000000
000048 0 0 0 0.000000
000049 0 0 0 0.000000
000050 0 0 1 0.000000
000051 0 0 1 0.000000
000052 0 0 0 0.000000
000053 0 0 0 0.000000
000054 0 0 0 0.000000
000055 0 0 0 0.000000
000056 0 0 1 0.000000
000057 0 0 0 0.000000
000058 0 0 1 0.000000
000059 0 0 0 0.000000
000060 0 0 0 0.000000
000061 0 0 0 0.000000
000062 0 0 1 0.000000
000063 0 0 0 0.000000
000064 0 0 0 0.000000
000065 0 0 0 0.000000
000066 0 0 0 0.000000
000067 0 0 0 0.000000
000068 0 0 0 0.000000
000069 0 0 0 0.000000
000070 0 0 0 0.000000
000071 0 0 1 0.000000
000072 0 0 1 0.000000
000073 0 0 1 0.000000
000074 0 0 1 0.000000
000075 0 0 1 0.000000
000076 0 0 0 0.000000
000077 0 0 0 0.000000
000078 0 0 0 0.000000
000079 0 0 1 0.000000
000080 0 0 1 0.000000
000081 0 0 0 0.000000
000082 0 0 1 0.000000
000083 0 0 0 0.000000
000084 0 0 0 0.000000
000085 0 0 0 0.000000
000086 0 0 1 0.000000
000087 0 0 0 0.000000
000088 0 0 0 0.000000
000089 0 0 1 0.000000
000090 0 0 1 0.000000
000091 0 0 1 0.000000
000092 0 0 0 0.000000
000093 0 0 1 0.000000
000094 0 0 1 0.000000
000095 0 0 0 0.000000
000096 0 0 1 0.000000
000097 0 0 0 0.000000
000098 0 0 0 0.000000
000099 0 0 0 0.000000
000100 0 0 0 0.000000
000101 0 0 0 0.000000
000102 0 0 0 0.000000
000103 0 0 1 0.000000
000104 0 0 1 0.000000
000105 0 0 0 0.000000
000106 0 0 0 0.000000
000107 0 0 0 0.000000
000108 0 0 1 0.000000
000109 0 0 0 0.000000
000110 0 0 0 0.000000
000111 0 0 1 0.000000
000112 0 0 2 0.000000
000113 0 0 0 0.000000
000114 0 0 0 0.000000
000115 0 0 0 0.000000
000116 0 0 0 0.000000
000117 0 0 1 0.000000
000118 0 0 0 0.000000
000119 0 0 0 0.000000
000120 0 0 0 0.000000
000121 0 0 2 0.000000
000122 0 0 1 0.000000
000123 0 0 0 0.000000
000124 0 0 0 0.000000
000125 0 0 1 0.000000
000126 0 0 1 0.000000
000127 0 0 0 0.000000
000128 0 0 1 0.000000
000129 0 0 0 0.000000
000130 0 0 1 0.000000
000131 0 0 1 0.000000
000132 0 0 0 0.000000
000133 0 0 1 0.000000
000134 0 0 1 0.000000
000135 0 0 1 0.000000
000136 0 0 0 0.000000
000137 0 0 1 0.000000
000138 0 0 0 0.000000
000139 0 0 0 0.000000
000140 0 0 0 0.000000
000141 0 0 0 0.000000
000142 0 0 1 0.000000
000143 0 0 0 0.000000
000144 0 0 0 0.000000
000145 0 0 0 0.000000
000146 0 0 0 0.000000
000147 0 0 0 0.000000
000148 0 0 1 0.000000
000149 0 0 1 0.000000
000150 0 0 0 0.000000
000151 0 0 0 0.000000
000152 2 0 0 0.000000
000153 2 0 0 0.000000
000154 2 0 0 0.000000
000155 2 1 1 0.432203
000156 2 0 0 0.000000
000157 2 0 0 0.000000
000158 2 1 0 0.895927
000159 2 1 0 0.860293
000160 2 1 0 0.836880
000161 2 1 1 0.435939
000162 2 0 1 0.021683
000163 2 0 1 0.000000
000164 2 1 0 0.834833
000165 2 1 0 0.685699
000166 2 1 2 0.200146
000167 2 1 1 0.381368
000168 2 3 1 0.504824
000169 2 2 0 0.596318
000170 2 2 1 0.392208
000171 2 2 0 0.631497
000172 2 2 1 0.368195
000173 2 0 1 0.000000
000174 2 1 0 0.565437
000175 2 0 0 0.000000
000176 2 1 0 0.685755
000177 2 2 0 0.787501
000178 2 2 0 0.799871
000179 2 2 0 0.743192
000180 2 2 2 0.341998
000181 2 2 1 0.456101
000182 2 1 1 0.275935
000183 2 2 0 0.717577
000184 2 2 0 0.729945
000185 2 2 1 0.484018
000186 2 2 1 0.439094
000187 2 2 0 0.722027
000188 2 2 0 0.610026
000189 2 2 1 0.438851
000190 2 1 0 0.565437
000191 2 2 0 0.680631
000192 2 1 0 0.496508
000193 2 1 0 0.477266
000194 2 1 0 0.517025
000195 2 1 0 0.551870
000196 2 1 0 0.565437
000197 2 1 0 0.449167
000198 2 2 0 0.653170
000199 2 2 0 0.651212
000200 2 2 1 0.430042
000201 2 2 0 0.675929
000202 2 2 0 0.674321
000203 2 2 0 0.656866
000204 2 1 0 0.869933
000205 2 1 1 0.378691
000206 2 1 0 0.736373
000207 2 1 0 0.730745
000208 2 1 1 0.380636
000209 2 1 0 0.751159
000210 2 0 0 0.000000
000211 2 0 0 0.000000
000212 2 1 0 0.523077
000213 2 1 1 0.282719
000214 2 1 0 0.625100
000215 2 1 0 0.597859
000216 2 0 0 0.000000
000217 2 1 0 0.558571
000218 2 2 0 0.717025
000219 2 2 0 0.732384
000220 2 2 1 0.473471
000221 2 2 0 0.714050
000222 2 2 1 0.512009
000223 2 2 1 0.520303
000224 2 2 1 0.518961
000225 2 2 1 0.506978
000226 2 2 1 0.525763
000227 2 2 2 0.379039
000228 2 2 1 0.498613
000229 2 2 0 0.705757
000230 2 2 2 0.355681
000231 2 2 1 0.485080
000232 2 2 2 0.339546
000233 2 2 1 0.465396
000234 2 2 1 0.446139
000235 2 2 2 0.332723
000236 2 2 1 0.379887
000237 2 2 0 0.526478
000238 2 2 2 0.286265
000239 2 0 0 0.000000
000240 2 2 1 0.383376
000241 2 2 0 0.621632
000242 2 2 0 0.571602
000243 2 2 2 0.256967
000244 2 2 0 0.567722
000245 2 2 1 0.439341
000246 2 2 2 0.349212
000247 2 2 0 0.661034
000248 2 2 0 0.641118
000249 2 2 0 0.640131
000250 2 2 1 0.561696
000251 2 2 0 0.641821
000252 2 2 0 0.646617
000253 2 2 0 0.650822
000254 2 2 0 0.635103
000255 2 2 0 0.589799
000256 2 1 0 0.439573
000257 2 2 0 0.610228
000258 2 2 0 0.556593
000259 2 2 0 0.529604
000260 2 1 1 0.209539
000261 2 1 0 0.439573
000262 2 2 1 0.448486
000263 2 2 0 0.630998
000264 2 2 0 0.653821
000265 2 2 0 0.602490
000266 2 2 0 0.599429
000267 2 2 1 0.406103
000268 2 2 0 0.607659
000269 2 2 0 0.552743
000270 2 2 0 0.571822
000271 2 2 0 0.554165
000272 2 2 0 0.645140
000273 2 2 1 0.376575
000274 2 2 1 0.369191
000275 2 2 1 0.410881
000276 2 2 0 0.586711
000277 2 3 1 0.483659
000278 2 2 0 0.530973
000279 2 2 0 0.549308
000280 2 1 0 0.551870
000281 2 1 0 0.523077
000282 2 2 0 0.657433
000283 2 2 0 0.636478
000284 2 0 0 0.000000
000285 2 1 0 0.374701
000286 2 1 0 0.820467
000287 2 1 0 0.815539
000288 2 2 0 0.587977
000289 2 2 0 0.594842
000290 2 2 0 0.595446
000291 2 2 1 0.387645
000292 2 2 1 0.363062
000293 2 2 0 0.523662
000294 2 2 1 0.393631
000295 2 1 1 0.345427
000296 2 1 0 0.645904
000297 2 1 1 0.310543
000298 2 2 0 0.559950
000299 2 0 0 0.000000
000300 2 1 0 0.868760
000301 2 1 0 0.860917
000302 2 1 1 0.378616
000303 2 1 1 0.381567
000304 2 2 0 0.530946
000305 2 2 1 0.371120
000306 2 2 0 0.522909
000307 2 2 0 0.497119
000308 2 2 1 0.352990
000309 2 2 0 0.529660
000310 2 2 0 0.599279
000311 2 2 0 0.609711
000312 2 2 0 0.524819
000313 2 2 0 0.538741
000314 2 2 0 0.531550
000315 2 2 0 0.546106
000316 2 1 0 0.502248
000317 2 1 0 0.517025
000318 2 1 0 0.523077
000319 2 1 1 0.264636
000320 2 1 0 0.558571
000321 2 2 0 0.626841
000322 2 2 0 0.684318
000323 2 2 2 0.353786
000324 2 2 0 0.718441
000325 2 2 0 0.689931
000326 2 2 2 0.345410
000327 2 2 1 0.490957
000328 2 2 0 0.701770
000329 2 2 0 0.698554
000330 2 2 0 0.665291
000331 2 2 1 0.434974
000332 2 2 1 0.349955
000333 2 2 1 0.383324
000334 2 2 0 0.577500
000335 2 2 0 0.546330
000336 2 2 0 0.549763
000337 2 2 0 0.570285
000338 2 2 1 0.382956
000339 2 2 1 0.404102
000340 2 2 2 0.278045
000341 2 2 0 0.559483
000342 2 2 1 0.366029
000343 2 2 1 0.344245
000344 2 2 1 0.506966
000345 2 2 2 0.408244
000346 2 2 0 0.539473
000347 2 2 1 0.363177
000348 2 2 0 0.528781
000349 2 2 1 0.363021
000350 2 2 0 0.504449
000351 2 2 0 0.525699
000352 2 2 0 0.561065
000353 2 2 1 0.366951
000354 2 2 0 0.606404
000355 2 2 0 0.551126
000356 2 2 2 0.301791
000357 2 2 1 0.385404
000358 2 2 0 0.578565
000359 2 2 0 0.584123
000360 2 1 0 0.703282
000361 2 2 0 0.551179
000362 2 1 1 0.331649
000363 2 2 0 0.592513
000364 2 2 1 0.356900
000365 2 1 0 0.710162
000366 2 2 1 0.388700
000367 2 1 0 0.724125
000368 2 2 1 0.380890
000369 2 2 1 0.391668
000370 2 2 0 0.621094
000371 2 2 0 0.605527
000372 2 2 2 0.303096
000373 2 2 0 0.594064
000374 2 2 0 0.587826
000375 2 2 0 0.572889
000376 2 2 1 0.365231
000377 2 2 0 0.533750
000378 2 2 0 0.518037
000379 2 2 1 0.363802
000380 2 2 0 0.523731
000381 2 2 1 0.358283
000382 2 2 0 0.587808
000383 2 2 0 0.636498
000384 2 2 2 0.290910
000385 2 1 1 0.342713
000386 2 2 2 0.303633
000387 2 2 0 0.608299
000388 2 2 0 0.592109
000389 2 2 0 0.570704
000390 2 2 1 0.381849
000391 2 2 0 0.578411
000392 2 2 0 0.567454
000393 2 2 0 0.579914
000394 2 2 1 0.369608
000395 2 2 0 0.615794
000396 2 2 0 0.667218
000397 2 2 1 0.409736
000398 2 2 0 0.624237
000399 2 2 1 0.406023
000400 2 2 1 0.369723
000401 2 2 0 0.628116
000402 2 2 0 0.612021
000403 2 2 0 0.621219
000404 2 2 1 0.434025
000405 2 2 1 0.424650
000406 2 1 1 0.336086
000407 2 2 0 0.697119
000408 2 1 0 0.639541
000409 2 2 0 0.676530
000410 2 1 0 0.705899
000411 2 1 0 0.678776
000412 2 1 0 0.712760
000413 2 2 0 0.633706
000414 2 2 1 0.385199
000415 2 1 1 0.367198
000416 2 2 1 0.431972
000417 2 2 0 0.645037
000418 2 2 0 0.624188
000419 2 1 0 0.781478
000420 2 2 0 0.613721
000421 2 2 1 0.432511
000422 2 2 1 0.415592
000423 2 2 0 0.635593
000424 2 1 0 0.740754
000425 2 1 2 0.237587
000426 2 2 1 0.413839
000427 2 1 1 0.383716
000428 2 2 1 0.395084
000429 2 2 1 0.446366
000430 2 1 0 0.705899
000431 2 2 1 0.405380
000432 2 1 0 0.665558
000433 2 2 0 0.545556
000434 2 1 1 0.369876
000435 2 1 0 0.682020
000436 2 1 1 0.355832
000437 2 1 1 0.352273
000438 2 1 0 0.706706
000439 2 2 1 0.361137
000440 2 1 2 0.237772
000441 2 1 2 0.226259
000442 2 1 1 0.341271
000443 2 1 1 0.341271
000444 2 1 2 0.214613
000445 2 2 0 0.599703
000446 2 1 1 0.341010
000447 2 1 1 0.340015
000448 2 1 1 0.344278
000449 2 1 2 0.227340
000450 2 2 0 0.593990
000451 2 1 0 0.712760
000452 2 2 0 0.598441
000453 2 1 1 0.320118
000454 2 1 1 0.341010
000455 2 2 1 0.474340
000456 2 2 2 0.310252
000457 2 1 0 0.667609
000458 2 1 1 0.334559
000459 2 1 0 0.682020
000460 2 1 1 0.334559
000461 2 2 2 0.292702
000462 2 1 1 0.356658
000463 2 1 0 0.706995
000464 2 2 1 0.388399
000465 2 2 0 0.570528
000466 2 1 1 0.337786
000467 2 2 2 0.300893
000468 2 2 2 0.302467
000469 2 1 0 0.682542
000470 2 2 2 0.301211
000471 2 2 0 0.632991
000472 2 2 0 0.592395
000473 2 1 0 0.676330
000474 2 2 1 0.424053
000475 2 2 0 0.653821
000476 2 1 0 0.650058
000477 2 1 0 0.682542
000478 2 2 0 0.629433
000479 2 1 1 0.341010
000480 2 2 1 0.401036
000481 2 2 1 0.423830
000482 2 1 0 0.688748
000483 2 2 1 0.481263
000484 2 1 1 0.341271
000485 2 1 1 0.341291
000486 2 2 1 0.349378
000487 2 1 0 0.706795
000488 2 1 0 0.676413
000489 2 1 0 0.682542
000490 2 2 0 0.624494
000491 2 1 0 0.688555
000492 2 1 2 0.219562
000493 2 1 3 0.169150
000494 2 1 1 0.344278
000495 2 1 1 0.341291
000496 2 2 1 0.451455
000497 2 2 1 0.415476
000498 2 2 1 0.403275
000499 2 2 1 0.357966
000500 2 1 1 0.374054
000501 2 2 0 0.649913
000502 2 2 0 0.575611
000503 2 2 1 0.424477
000504 2 2 1 0.403913
000505 2 2 2 0.337126
000506 2 1 1 0.334559
000507 2 1 2 0.219542
000508 2 2 2 0.317109
000509 2 2 0 0.582347
000510 2 2 1 0.413388
000511 2 1 1 0.345157
000512 2 1 2 0.235542
000513 2 1 0 0.699364
000514 2 1 0 0.742015
000515 2 1 0 0.717069
000516 2 1 1 0.335785
000517 2 1 1 0.335081
000518 2 1 1 0.355887
000519 2 1 2 0.249309
000520 2 1 1 0.357764
000521 2 1 1 0.358306
000522 2 1 1 0.392810
000523 2 2 2 0.267869
000524 2 1 1 0.389185
000525 2 1 1 0.392810
000526 2 1 0 0.741913
000527 2 1 0 0.703074
000528 2 1 1 0.314076
000529 2 1 2 0.207435
000530 2 1 2 0.228997
000531 2 1 1 0.374082
000532 2 1 2 0.183385
000533 2 1 2 0.184968
000534 2 1 1 0.271807
000535 2 1 1 0.326899
000536 2 1 1 0.284677
000537 2 1 1 0.252683
000538 2 1 2 0.167717
000539 2 2 0 0.627493
000540 2 2 2 0.337806
000541 2 2 0 0.630502
000542 2 1 1 0.341715
000543 2 2 0 0.711814
000544 2 2 2 0.274891
000545 2 2 1 0.494093
000546 2 0 0 0.000000
000547 2 0 0 0.000000
000548 2 1 1 0.275545
000549 2 1 1 0.303121
000550 2 1 1 0.282117
000551 2 1 1 0.286825
000552 2 1 1 0.262123
000553 2 0 0 0.000000
000554 2 0 1 0.000000
000555 2 0 0 0.000000
000556 2 0 1 0.000000
000557 2 0 2 0.000000
000558 2 1 0 0.847098
000559 2 0 1 0.000000
000560 2 0 1 0.000000
000561 2 0 0 0.000000
000562 2 0 0 0.000000
000563 2 0 0 0.000000
000564 2 0 2 0.000000
000565 2 0 1 0.000000
000566 2 0 2 0.000000
000567 2 1 1 0.352700
000568 2 0 1 0.000000
000569 2 0 1 0.000000
000570 2 0 0 0.000000
000571 2 0 1 0.000000
000572 2 1 2 0.206058
000573 2 1 1 0.305668
000574 2 2 0 0.827192
000575 2 1 1 0.314256
000576 2 1 1 0.318844
000577 2 1 0 0.606651
000578 2 0 0 0.000000
000579 2 0 1 0.000000
000580 2 1 0 0.763349
000581 2 2 0 0.718331
000582 2 0 0 0.000000
000583 2 0 0 0.000000
000584 2 0 0 0.000000
000585 2 0 0 0.000000
000586 2 1 1 0.423673
000587 2 0 0 0.000000
000588 2 0 1 0.000000
000589 2 0 0 0.000000
000590 2 0 1 0.000000
000591 2 0 0 0.000000
000592 2 0 0 0.000000
000593 2 0 1 0.000000
000594 2 0 1 0.000000
000595 2 0 2 0.000000
000596 2 0 2 0.000000
000597 2 0 1 0.000000
000598 2 0 0 0.000000
000599 2 0 1 0.000000
000600 2 0 1 0.000000
000601 2 0 1 0.000000
000602 2 0 1 0.000000
000603 2 0 2 0.000000
000604 2 0 0 0.000000
000605 2 0 0 0.000000
000606 2 0 0 0.000000
000607 2 0 1 0.000000
000608 2 0 0 0.000000
000609 2 0 0 0.000000
000610 2 0 1 0.000000
000611 2 0 1 0.000000
000612 2 0 2 0.000000
000613 2 0 2 0.000000
000614 2 0 1 0.000000
000615 2 0 1 0.000000
000616 2 0 1 0.000000
000617 2 0 2 0.000000
000618 2 0 2 0.000000
000619 2 0 0 0.000000
000620 2 0 2 0.062212
000621 2 0 2 0.062212
000622 2 0 0 0.000000
000623 2 0 0 0.000000
000624 2 0 2 0.000000
000625 2 0 1 0.000000
000626 2 0 1 0.000000
000627 2 0 2 0.000000
000628 2 0 1 0.000000
000629 2 0 0 0.000000
000630 2 0 1 0.000000
000631 2 0 1 0.000000
000632 2 0 1 0.000000
000633 2 0 0 0.000000
000634 2 0 2 0.084260
000635 2 0 2 0.081151
000636 2 0 1 0.000000
000637 2 0 0 0.000000
000638 2 0 0 0.000000
000639 2 0 0 0.000000
000640 2 0 0 0.000000
000641 2 0 0 0.000000
000642 2 0 0 0.000000
000643 2 0 0 0.000000
000644 2 0 0 0.000000
000645 2 0 1 0.000000
000646 2 0 1 0.000000
000647 2 0 1 0.000000
000648 2 0 1 0.000000
000649 2 0 1 0.000000
000650 2 0 1 0.000000
000651 2 0 1 0.000000
000652 2 0 1 0.000000
000653 2 0 1 0.000000
000654 2 0 0 0.000000
000655 2 0 0 0.000000
000656 2 0 1 0.000000
000657 2 0 1 0.000000
000658 2 0 0 0.000000
000659 2 0 2 0.061482
000660 2 0 1 0.000000
000661 2 0 1 0.139720
000662 2 1 0 0.669295
000663 2 1 1 0.362251
000664 2 1 0 0.617699
000665 2 1 0 0.628725
000666 2 0 1 0.000000
000667 2 0 1 0.000000
000668 2 1 0 0.659623
000669 2 0 2 0.000000
000670 2 0 1 0.150366
000671 2 0 0 0.000000
000672 2 0 0 0.000000
000673 2 0 1 0.000000
000674 2 0 1 0.000000
000675 2 0 0 0.000000
000676 2 1 0 0.728831
000677 2 1 1 0.367983
000678 2 1 0 0.612000
000679 2 1 0 0.624431
000680 2 1 1 0.379966
000681 2 1 1 0.333134
000682 2 1 2 0.287610
000683 2 1 1 0.431631
000684 2 1 0 0.689631
000685 2 1 0 0.705290
000686 2 1 0 0.643415
000687 2 0 0 0.000000
000688 2 1 0 0.687176
000689 2 1 1 0.346428
000690 2 0 0 0.000000
000691 2 0 0 0.000000
000692 2 0 1 0.000000
000693 2 0 1 0.000000
000694 2 0 0 0.000000
000695 2 0 2 0.000000
000696 2 0 1 0.000000
000697 2 0 1 0.000000
000698 2 0 2 0.000000
000699 2 0 0 0.000000
000700 2 0 0 0.000000
000701 2 0 1 0.000000
000702 2 0 1 0.000000
000703 2 0 1 0.000000
000704 2 1 1 0.342688
000705 2 1 1 0.321827
000706 2 0 2 0.000000
000707 2 1 0 0.738881
000708 2 0 1 0.000000
000709 2 2 1 0.431020
000710 2 1 0 0.785068
000711 2 1 1 0.428575
000712 2 1 2 0.278247
000713 2 1 2 0.278639
000714 2 0 0 0.000000
000715 2 0 2 0.000000
000716 2 0 1 0.000000
000717 2 0 1 0.000000
000718 2 0 0 0.000000
000719 2 0 0 0.000000
000720 2 0 2 0.000000
000721 2 0 0 0.000000
000722 2 0 1 0.000000
000723 2 0 1 0.000000
000724 2 0 1 0.000000
000725 2 0 1 0.000000
000726 2 1 0 0.730915
000727 2 0 2 0.069138
000728 2 0 2 0.045104
000729 2 0 1 0.089263
000730 2 0 3 0.022044
000731 2 1 2 0.278737
000732 2 0 2 0.026523
000733 2 0 1 0.039629
000734 2 1 2 0.281511
000735 2 1 1 0.395715
000736 2 1 1 0.364769
000737 2 1 1 0.461918
000738 2 0 2 0.036765
000739 2 0 3 0.016894
000740 2 0 2 0.030462
000741 2 0 1 0.066520
000742 2 0 1 0.000000
000743 2 1 0 0.747584
000744 2 1 1 0.379153
000745 2 1 0 0.735058
000746 2 1 0 0.775510
000747 2 1 1 0.375858
000748 2 0 2 0.000000
000749 2 0 1 0.000000
000750 2 0 0 0.000000
000751 2 0 1 0.066985
000752 2 0 0 0.000000
000753 2 1 0 0.583493
000754 2 0 1 0.000000
000755 2 1 0 0.650964
000756 2 2 0 0.518278
000757 2 0 2 0.000000
000758 2 1 2 0.212654
000759 2 0 1 0.000000
000760 2 1 0 0.672864
000761 2 0 1 0.000000
000762 2 1 1 0.294345
000763 2 1 1 0.358322
000764 2 1 1 0.371003
000765 2 0 0 0.000000
000766 2 0 0 0.000000
000767 2 0 1 0.000000
000768 2 0 1 0.000000
000769 2 0 0 0.000000
000770 2 0 1 0.000000
000771 2 0 1 0.000000
000772 2 0 1 0.000000
000773 2 2 0 0.654092
000774 2 2 1 0.412715
000775 2 2 0 0.590830
000776 2 2 1 0.406273
000777 2 2 1 0.410958
000778 2 1 1 0.301266
000779 2 1 1 0.299920
000780 2 1 1 0.274029
000781 2 1 3 0.162518
000782 2 1 2 0.216690
000783 2 1 1 0.401391
000784 2 2 2 0.348311
000785 2 1 1 0.371593
000786 2 1 1 0.367875
000787 2 1 0 0.696677
000788 2 0 0 0.000000
000789 2 0 0 0.000000
000790 2 0 0 0.000000
000791 2 0 0 0.000000
000792 2 0 0 0.000000
000793 2 0 0 0.000000
000794 2 0 0 0.000000
000795 2 0 0 0.000000
000796 2 0 0 0.000000
000797 2 1 1 0.314133
000798 2 1 1 0.326158
000799 2 0 1 0.000000
000800 2 0 0 0.000000
000801 2 1 0 0.776877
000802 2 1 1 0.444080
000803 2 1 2 0.279228
000804 2 1 0 0.811177
000805 2 0 0 0.000000
000806 2 1 1 0.401881
000807 2 1 0 0.873963
000808 2 0 2 0.000000
000809 2 0 1 0.000000
000810 2 0 0 0.000000
000811 2 0 1 0.000000
000812 2 0 0 0.000000
000813 2 0 1 0.000000
000814 2 0 1 0.000000
000815 2 1 1 0.377321
000816 2 0 2 0.000000
000817 2 0 0 0.000000
000818 2 0 0 0.000000
000819 2 0 1 0.000000
000820 2 1 1 0.413848
000821 2 0 2 0.002641
000822 2 0 2 0.005424
000823 2 1 2 0.277305
000824 2 1 3 0.226270
000825 2 0 0 0.000000
000826 2 0 2 0.000000
000827 2 0 1 0.000000
000828 2 0 0 0.000000
000829 2 0 1 0.000000
000830 2 0 0 0.000000
000831 2 0 0 0.000000
000832 2 0 0 0.000000
000833 2 0 1 0.000000
000834 2 0 0 0.000000
000835 2 0 1 0.000000
000836 2 0 2 0.000000
000837 2 0 3 0.000000
000838 2 0 1 0.000000
000839 2 0 1 0.000000
000840 2 0 0 0.000000
000841 2 0 2 0.000000
000842 2 0 2 0.000000
000843 2 0 0 0.000000
000844 2 0 0 0.000000
000845 2 0 1 0.000000
000846 2 0 1 0.000000
000847 2 0 1 0.000000
000848 2 0 3 0.000000
000849 2 0 2 0.000000
000850 2 0 0 0.000000
000851 2 0 1 0.000000
000852 2 0 0 0.000000
000853 2 0 1 0.000000
000854 2 0 0 0.000000
000855 2 0 0 0.000000
000856 2 0 1 0.000000
000857 2 0 1 0.000000
000858 2 0 1 0.000000
000859 2 0 1 0.000000
000860 2 0 0 0.000000
