000001 0 0 0 0.000000
000002 0 0 1 0.000000
000003 0 0 1 0.000000
000004 0 0 1 0.000000
000005 0 0 1 0.000000
000006 0 0 1 0.000000
000007 0 0 1 0.000000
000008 0 0 0 0.000000
000009 0 0 1 0.000000
000010 0 0 0 0.000000
000011 0 0 1 0.000000
000012 0 0 1 0.000000
000013 0 0 2 0.000000
000014 0 0 0 0.000000
000015 0 0 1 0.000000
000016 0 0 1 0.000000
000017 0 0 1 0.000000
000018 0 0 1 0.000000
000019 0 0 1 0.000000
000020 0 0 0 0.000000
000021 0 0 1 0.000000
000022 0 0 0 0.000000
000023 0 0 1 0.000000
000024 0 0 0 0.000000
000025 0 0 0 0.000000
000026 0 0 1 0.000000
000027 0 0 0 0.000000
000028 0 0 1 0.000000
000029 0 0 1 0.000000
000030 0 0 1 0.000000
000031 0 0 1 0.000000
000032 0 0 0 0.000000
000033 0 0 1 0.000000
000034 0 0 1 0.000000
000035 0 0 1 0.000000
000036 0 0 0 0.000000
000037 0 0 0 0.000000
000038 0 0 1 0.000000
000039 0 0 1 0.000000
000040 0 0 1 0.000000
000041 0 0 1 0.000000
000042 0 0 1 0.000000
000043 0 0 1 0.000000
000044 0 0 1 0.000000
000045 0 0 2 0.000000
000046 0 0 1 0.000000
000047 0 0 0 0.000000
000048 0 0 1 0.000000
000049 0 0 1 0.000000
000050 0 0 1 0.000000
000051 0 0 0 0.000000
000052 0 0 1 0.000000
000053 0 0 0 0.000000
000054 0 0 2 0.000000
000055 0 0 0 0.000000
000056 0 0 0 0.000000
000057 0 0 0 0.000000
000058 0 0 0 0.000000
000059 0 0 1 0.000000
000060 0 0 0 0.000000
000061 0 0 0 0.000000
000062 0 0 0 0.000000
000063 0 0 0 0.000000
000064 0 0 1 0.000000
000065 0 0 1 0.000000
000066 0 0 1 0.000000
000067 0 0 0 0.000000
000068 0 0 0 0.000000
000069 0 0 0 0.000000
000070 0 0 0 0.000000
000071 0 0 1 0.000000
000072 0 0 0 0.000000
000073 0 0 1 0.000000
000074 0 0 0 0.000000
000075 0 0 1 0.000000
000076 0 0 1 0.000000
000077 0 0 2 0.000000
000078 0 0 0 0.000000
000079 0 0 0 0.000000
000080 0 0 0 0.000000
000081 0 0 1 0.000000
000082 0 0 0 0.000000
000083 0 0 0 0.000000
000084 0 0 1 0.000000
000085 0 0 1 0.000000
000086 0 0 1 0.000000
000087 0 0 2 0.000000
000088 0 0 0 0.000000
000089 0 0 0 0.000000
000090 0 0 2 0.000000
000091 0 0 1 0.000000
000092 0 0 1 0.000000
000093 0 0 0 0.000000
000094 0 0 0 0.000000
000095 0 0 0 0.000000
000096 0 0 1 0.000000
000097 0 0 0 0.000000
000098 0 0 0 0.000000
000099 0 0 0 0.000000
000100 0 0 0 0.000000
000101 0 0 1 0.000000
000102 0 0 0 0.000000
000103 0 0 0 0.000000
000104 0 0 0 0.000000
000105 0 0 0 0.000000
000106 0 0 0 0.000000
000107 0 0 2 0.000000
000108 0 0 1 0.000000
000109 0 0 1 0.000000
000110 0 0 0 0.000000
000111 0 0 1 0.000000
000112 0 0 0 0.000000
000113 0 0 1 0.000000
000114 0 0 0 0.000000
000115 0 0 1 0.000000
000116 0 0 1 0.000000
000117 0 0 1 0.000000
000118 0 0 0 0.000000
000119 0 0 0 0.000000
000120 0 0 1 0.000000
000121 0 0 1 0.000000
000122 0 0 1 0.000000
000123 0 0 0 0.000000
000124 0 0 1 0.000000
000125 0 0 1 0.000000
000126 0 0 1 0.000000
000127 0 0 0 0.000000
000128 0 0 2 0.000000
000129 0 0 0 0.000000
000130 0 0 0 0.000000
000131 0 0 1 0.000000
000132 0 0 2 0.000000
000133 0 0 1 0.000000
000134 0 0 1 0.000000
000135 0 0 1 0.000000
000136 0 0 1 0.000000
000137 0 0 2 0.000000
000138 0 0 1 0.000000
000139 0 0 1 0.000000
000140 0 0 1 0.000000
000141 0 0 0 0.000000
000142 0 0 0 0.000000
000143 0 0 2 0.000000
000144 0 0 0 0.000000
000145 0 0 0 0.000000
000146 0 0 1 0.000000
000147 0 0 1 0.000000
000148 0 0 2 0.000000
000149 0 0 0 0.000000
000150 0 0 0 0.000000
000151 0 0 1 0.000000
000152 0 0 0 0.000000
000153 0 0 1 0.000000
000154 0 0 0 0.000000
000155 0 0 1 0.000000
000156 0 0 0 0.000000
000157 0 0 0 0.000000
000158 0 0 0 0.000000
000159 0 0 0 0.000000
000160 0 0 0 0.000000
000161 0 0 1 0.000000
000162 0 0 0 0.000000
000163 0 0 1 0.000000
000164 0 0 1 0.000000
000165 1 0 0 0.000000
000166 1 0 0 0.000000
000167 1 0 0 0.000000
000168 1 0 0 0.000000
000169 1 1 1 0.447084
000170 1 0 1 0.000000
000171 1 1 1 0.408394
000172 1 1 0 0.860199
000173 1 1 1 0.430196
000174 1 1 0 0.836047
000175 1 1 0 0.808948
000176 1 1 1 0.412910
000177 1 1 0 0.797564
000178 1 1 1 0.401659
000179 1 1 1 0.358686
000180 1 1 1 0.342143
000181 1 1 0 0.616648
000182 1 1 1 0.326546
000183 1 1 1 0.303312
000184 1 1 1 0.289487
000185 1 1 1 0.278488
000186 1 1 0 0.609714
000187 1 1 1 0.371023
000188 1 1 0 0.653220
000189 1 1 2 0.252377
000190 1 1 1 0.367203
000191 1 1 0 0.788924
000192 1 1 1 0.409911
000193 1 1 0 0.789976
000194 2 1 0 0.750903
000195 2 2 1 0.458128
000196 2 2 0 0.697527
000197 2 2 1 0.474449
000198 2 2 1 0.466259
000199 2 2 1 0.463896
000200 2 2 1 0.450228
000201 2 2 0 0.671680
000202 2 2 1 0.472728
000203 2 2 1 0.523022
000204 2 2 0 0.750481
000205 2 2 1 0.482475
000206 2 2 1 0.467760
000207 2 1 1 0.399290
000208 2 2 1 0.540889
000209 2 2 1 0.567657
000210 2 2 1 0.526347
000211 2 2 2 0.393778
000212 2 2 0 0.763221
000213 2 2 0 0.764537
000214 2 2 1 0.507118
000215 2 1 0 0.603676
000216 2 2 1 0.485218
000217 2 2 0 0.752454
000218 2 3 0 0.661575
000219 2 2 1 0.461584
000220 2 2 0 0.747921
000221 2 3 1 0.535859
000222 2 3 1 0.537190
000223 2 2 0 0.696044
000224 2 2 0 0.714399
000225 2 2 0 0.720081
000226 2 2 1 0.498215
000227 2 2 0 0.708877
000228 2 1 1 0.298465
000229 2 1 0 0.618875
000230 2 1 0 0.643476
000231 2 1 1 0.382037
000232 2 1 1 0.342231
000233 2 0 1 0.000000
000234 2 0 0 0.000000
000235 2 1 0 0.648386
000236 2 1 0 0.619524
000237 2 1 1 0.303500
000238 2 1 1 0.304539
000239 2 1 0 0.628069
000240 2 1 1 0.331837
000241 2 1 1 0.313575
000242 2 1 1 0.306305
000243 2 2 1 0.474892
000244 2 2 1 0.524054
000245 2 2 1 0.488403
000246 2 2 0 0.705792
000247 2 2 1 0.503352
000248 2 2 1 0.434115
000249 2 2 1 0.544180
000250 2 2 0 0.755827
000251 2 3 2 0.453848
000252 2 2 2 0.391918
000253 2 2 1 0.521026
000254 2 2 2 0.379861
000255 2 2 0 0.707946
000256 2 2 1 0.517021
000257 2 1 2 0.232615
000258 2 2 1 0.536345
000259 2 2 1 0.507926
000260 2 3 2 0.442948
000261 2 2 2 0.417753
000262 2 2 2 0.408636
000263 2 2 2 0.419600
000264 2 2 2 0.420077
000265 2 2 1 0.575147
000266 2 2 2 0.417088
000267 2 2 0 0.756945
000268 2 3 1 0.550536
000269 2 2 0 0.750373
000270 2 2 2 0.402208
000271 2 2 2 0.445919
000272 2 2 1 0.551683
000273 2 1 2 0.321777
000274 2 1 2 0.305846
000275 2 1 2 0.301727
000276 2 2 2 0.401084
000277 2 1 2 0.268554
000278 2 1 1 0.406746
000279 2 1 0 0.695941
000280 2 1 2 0.266841
000281 2 1 1 0.344021
000282 2 1 1 0.328981
000283 2 1 0 0.735168
000284 2 1 2 0.235666
000285 2 1 1 0.325977
000286 2 1 1 0.304676
000287 2 1 0 0.682423
000288 2 1 1 0.325977
000289 2 1 1 0.348480
000290 2 1 1 0.334591
000291 2 2 1 0.603209
000292 2 2 1 0.568143
000293 2 2 0 0.850441
000294 2 2 1 0.571312
000295 2 2 1 0.565423
000296 2 2 2 0.369926
000297 2 1 1 0.320170
000298 2 2 1 0.518724
000299 2 2 1 0.522985
000300 2 2 2 0.368875
000301 2 2 1 0.509501
000302 2 2 1 0.486500
000303 2 2 0 0.747425
000304 2 2 0 0.777140
000305 2 2 1 0.529164
000306 2 2 1 0.509241
000307 2 2 1 0.503409
000308 2 2 0 0.790411
000309 2 2 0 0.761031
000310 2 2 0 0.734063
000311 2 2 0 0.814261
000312 2 2 1 0.514190
000313 2 1 0 0.935401
000314 2 1 1 0.468868
000315 2 2 0 0.788239
000316 2 2 0 0.825679
000317 2 2 0 0.804209
000318 2 2 0 0.816056
000319 2 2 0 0.766622
000320 2 1 0 0.726309
000321 2 2 1 0.503424
000322 2 2 1 0.479651
000323 2 1 1 0.347374
000324 2 1 2 0.226062
000325 2 1 1 0.368892
000326 2 1 0 0.671326
000327 2 1 2 0.278504
000328 2 1 1 0.327656
000329 2 1 1 0.344855
000330 2 1 0 0.614176
000331 2 0 1 0.000000
000332 2 0 1 0.000000
000333 2 0 1 0.000000
000334 2 2 1 0.517940
000335 2 2 2 0.383859
000336 2 2 1 0.538274
000337 2 2 1 0.509171
000338 2 2 0 0.777559
000339 2 2 1 0.540517
000340 2 2 0 0.786284
000341 2 2 1 0.481710
000342 2 2 0 0.748267
000343 2 2 0 0.767931
000344 2 2 1 0.522350
000345 2 1 1 0.407537
000346 2 2 1 0.374859
000347 2 2 1 0.427615
000348 2 2 1 0.402139
000349 2 2 1 0.516764
000350 2 2 0 0.865680
000351 2 2 1 0.482097
000352 2 1 1 0.435417
000353 2 1 0 0.796348
000354 2 2 0 0.827322
000355 2 2 0 0.847231
000356 2 2 1 0.546941
000357 2 1 1 0.431449
000358 2 1 1 0.414922
000359 2 2 0 0.801531
000360 2 2 1 0.535544
000361 2 2 1 0.564018
000362 2 2 0 0.784140
000363 2 2 0 0.703915
000364 2 1 0 0.708282
000365 2 1 0 0.663876
000366 2 1 0 0.726143
000367 2 1 1 0.350038
000368 2 1 1 0.375707
000369 2 1 0 0.860188
000370 2 1 2 0.286928
000371 2 1 1 0.411143
000372 2 1 0 0.813735
000373 2 1 1 0.411143
000374 2 1 1 0.337235
000375 2 1 0 0.688850
000376 2 2 2 0.378973
000377 2 2 1 0.525471
000378 2 2 1 0.531925
000379 2 2 1 0.528110
000380 2 2 1 0.517762
000381 2 2 1 0.566843
000382 2 2 1 0.511948
000383 2 2 0 0.733207
000384 2 2 0 0.782218
000385 2 2 0 0.719173
000386 2 2 2 0.342160
000387 2 3 1 0.569547
000388 2 1 0 0.639223
000389 2 1 1 0.300465
000390 2 2 0 0.585873
000391 2 2 0 0.608614
000392 2 1 0 0.860204
000393 2 2 1 0.520832
000394 2 1 0 0.869622
000395 2 1 1 0.433029
000396 2 1 0 0.773900
000397 2 2 1 0.570764
000398 2 0 0 0.000000
000399 2 1 0 0.736192
000400 2 0 0 0.000000
000401 2 0 0 0.000000
000402 2 1 1 0.500651
000403 2 1 2 0.352721
000404 2 1 2 0.257336
000405 2 1 1 0.393904
000406 2 1 1 0.471942
000407 2 0 0 0.000000
000408 2 0 0 0.000000
000409 2 0 1 0.000000
000410 2 0 0 0.000000
000411 2 0 1 0.000000
000412 2 0 0 0.000000
000413 2 1 1 0.345319
000414 2 1 1 0.174310
000415 2 1 1 0.169641
000416 2 0 0 0.000000
000417 2 0 1 0.081990
000418 2 0 1 0.039764
000419 2 0 1 0.053384
000420 2 1 0 0.776321
000421 2 1 1 0.338217
000422 2 1 0 0.676673
000423 2 1 1 0.361720
000424 2 2 0 0.816710
000425 2 2 0 0.765621
000426 2 1 0 0.826563
000427 2 2 1 0.508188
000428 2 1 0 0.823751
000429 2 2 1 0.517146
000430 2 1 0 0.758709
000431 2 1 0 0.793923
000432 2 1 1 0.409093
000433 2 1 0 0.793709
000434 2 1 0 0.714821
000435 2 1 1 0.382310
000436 2 0 1 0.000000
000437 2 0 1 0.000000
000438 2 2 2 0.392959
000439 2 2 0 0.806631
000440 2 2 1 0.503317
000441 2 2 1 0.477462
000442 2 1 1 0.323170
000443 2 1 0 0.677838
000444 2 2 0 0.754270
000445 2 2 0 0.731056
000446 2 1 0 0.713419
000447 2 1 0 0.798062
000448 2 1 0 0.845846
000449 2 1 0 0.786989
000450 2 0 1 0.000000
000451 2 0 1 0.000000
000452 2 1 1 0.367313
000453 2 2 1 0.460046
000454 2 1 0 0.715365
000455 2 1 1 0.361791
000456 2 1 1 0.377802
000457 2 1 0 0.723581
000458 2 1 0 0.764773
000459 2 1 0 0.723440
000460 2 1 1 0.353099
000461 2 1 0 0.683222
000462 2 1 0 0.657048
000463 2 1 0 0.600006
000464 2 1 1 0.308195
000465 2 1 1 0.315247
000466 2 1 1 0.310543
000467 2 1 0 0.646389
000468 2 1 1 0.281903
000469 2 1 0 0.594918
000470 2 2 1 0.560916
000471 2 1 1 0.416731
000472 2 2 0 0.762955
000473 2 1 1 0.363072
000474 2 1 0 0.709810
000475 2 1 1 0.345768
000476 2 1 0 0.839238
000477 2 1 1 0.404796
000478 2 1 1 0.367747
000479 2 0 1 0.000000
000480 2 1 0 0.773946
000481 2 1 0 0.755885
000482 2 2 0 0.716901
000483 2 2 0 0.770957
000484 2 2 0 0.794952
000485 2 2 0 0.785518
000486 2 1 1 0.371256
000487 2 1 0 0.742512
000488 2 1 0 0.652987
000489 2 2 0 0.797293
000490 2 0 2 0.000000
000491 2 2 0 0.735021
000492 2 2 0 0.843484
000493 2 1 1 0.371256
000494 2 1 1 0.357411
000495 2 1 1 0.357411
000496 2 1 0 0.764622
000497 2 1 0 0.723441
000498 2 1 0 0.706198
000499 2 1 0 0.668195
000500 2 1 1 0.327422
000501 2 1 1 0.327937
000502 2 1 0 0.680755
000503 2 1 2 0.254517
000504 2 1 1 0.386402
000505 2 1 2 0.231025
000506 2 1 1 0.330105
000507 2 1 0 0.877017
000508 2 2 0 0.797269
000509 2 1 1 0.504253
000510 2 2 1 0.516129
000511 2 1 2 0.280289
000512 2 1 0 0.733114
000513 2 1 0 0.795205
000514 2 1 0 0.795812
000515 2 2 1 0.484593
000516 2 2 1 0.463001
000517 2 1 0 0.742512
000518 2 1 0 0.742512
000519 2 1 0 0.694191
000520 2 0 0 0.000000
000521 2 1 0 0.743282
000522 2 1 1 0.367161
000523 2 2 2 0.373412
000524 2 2 1 0.501968
000525 2 2 1 0.453526
000526 2 2 0 0.730092
000527 2 2 0 0.734857
000528 2 2 0 0.666081
000529 2 1 0 0.807638
000530 2 2 0 0.723884
000531 2 1 1 0.423228
000532 2 1 1 0.429846
000533 2 1 1 0.401673
000534 2 1 1 0.391165
000535 2 1 1 0.390551
000536 2 1 2 0.263297
000537 2 2 1 0.515749
000538 2 2 1 0.493512
000539 2 1 1 0.374295
000540 2 1 1 0.374673
000541 2 1 2 0.293719
000542 2 1 1 0.374295
000543 2 1 0 0.713882
000544 2 1 2 0.295251
000545 2 1 1 0.303246
000546 2 1 2 0.240957
000547 2 1 1 0.365644
000548 2 1 2 0.246904
000549 2 1 3 0.197984
000550 2 1 0 0.641333
000551 2 1 1 0.303405
000552 2 1 1 0.327593
000553 2 1 1 0.357541
000554 2 1 1 0.353010
000555 2 1 0 0.696954
000556 2 1 1 0.374673
000557 2 1 1 0.431744
000558 2 1 1 0.381511
000559 2 2 0 0.809533
000560 2 2 0 0.783550
000561 2 1 1 0.391079
000562 2 1 0 0.680755
000563 2 1 1 0.376118
000564 2 1 0 0.702462
000565 2 1 0 0.702346
000566 2 1 1 0.355104
000567 2 1 0 0.760185
000568 2 1 1 0.364463
000569 2 2 1 0.456779
000570 2 2 1 0.439007
000571 2 1 1 0.390407
000572 2 1 0 0.728927
000573 2 1 1 0.360335
000574 2 1 0 0.738299
000575 2 1 0 0.693074
000576 2 1 1 0.338381
000577 2 1 0 0.667617
000578 2 1 1 0.333808
000579 2 1 0 0.635565
000580 2 1 1 0.333808
000581 2 1 0 0.661477
000582 2 1 1 0.327593
000583 2 1 0 0.723195
000584 2 1 1 0.371504
000585 2 1 1 0.345185
000586 2 1 0 0.688457
000587 2 1 1 0.319576
000588 2 1 0 0.647938
000589 2 1 0 0.682641
000590 2 1 0 0.733102
000591 2 1 0 0.645208
000592 2 1 0 0.635991
000593 2 1 2 0.244367
000594 2 1 1 0.367053
000595 2 1 1 0.319576
000596 2 1 1 0.324848
000597 2 1 1 0.412743
000598 2 1 1 0.353010
000599 2 1 0 0.706715
000600 2 1 0 0.734107
000601 2 1 0 0.751956
000602 2 1 1 0.399296
000603 2 1 1 0.357664
000604 2 2 0 0.670265
000605 2 1 1 0.425794
000606 2 1 0 0.817235
000607 2 1 1 0.378221
000608 2 1 0 0.803591
000609 2 1 0 0.798592
000610 2 1 0 0.734107
000611 2 1 1 0.362539
000612 2 1 0 0.675216
000613 2 1 1 0.364168
000614 2 1 0 0.746545
000615 2 1 0 0.645856
000616 2 1 1 0.344752
000617 2 0 2 0.018016
000618 2 1 1 0.330114
000619 2 0 0 0.000000
000620 2 0 0 0.000000
000621 2 0 0 0.000000
000622 2 0 1 0.000000
000623 2 0 0 0.000000
000624 2 0 0 0.000000
000625 2 0 1 0.000000
000626 2 0 1 0.000000
000627 2 0 0 0.000000
000628 2 0 0 0.000000
000629 2 0 0 0.000000
000630 2 0 1 0.000000
000631 2 0 1 0.000000
000632 2 0 1 0.000000
000633 2 0 1 0.000000
000634 2 0 0 0.000000
000635 2 0 0 0.000000
000636 0 0 0 0.000000
000637 0 0 1 0.000000
000638 0 0 1 0.000000
000639 0 0 0 0.000000
000640 0 0 1 0.000000
000641 0 0 0 0.000000
000642 0 0 0 0.000000
000643 0 0 0 0.000000
000644 0 0 0 0.000000
000645 0 0 1 0.000000
000646 0 0 0 0.000000
000647 0 0 0 0.000000
000648 0 0 0 0.000000
000649 0 0 1 0.000000
000650 0 0 0 0.000000
