000001 0 0 0 0.000000
000002 0 0 1 0.000000
000003 0 0 1 0.000000
000004 0 0 0 0.000000
000005 0 0 0 0.000000
000006 0 0 0 0.000000
000007 0 0 0 0.000000
000008 0 0 1 0.000000
000009 0 0 0 0.000000
000010 0 0 0 0.000000
000011 0 0 0 0.000000
000012 0 0 0 0.000000
000013 0 0 0 0.000000
000014 0 0 1 0.000000
000015 0 0 1 0.000000
000016 0 0 0 0.000000
000017 0 0 0 0.000000
000018 0 0 1 0.000000
000019 0 0 0 0.000000
000020 0 0 0 0.000000
000021 0 0 0 0.000000
000022 0 0 0 0.000000
000023 0 0 1 0.000000
000024 0 0 0 0.000000
000025 0 0 1 0.000000
000026 0 0 0 0.000000
000027 0 0 0 0.000000
000028 0 0 0 0.000000
000029 0 0 0 0.000000
000030 0 0 0 0.000000
000031 0 0 0 0.000000
000032 0 0 0 0.000000
000033 0 0 0 0.000000
000034 0 0 1 0.000000
000035 0 0 0 0.000000
000036 0 0 1 0.000000
000037 0 0 1 0.000000
000038 0 0 0 0.000000
000039 0 0 0 0.000000
000040 0 0 0 0.000000
000041 0 0 1 0.000000
000042 0 0 0 0.000000
000043 0 0 0 0.000000
000044 0 0 1 0.000000
000045 0 0 0 0.000000
000046 0 0 0 0.000000
000047 0 0 1 0.000000
000048 0 0 1 0.000000
000049 0 0 0 0.000000
000050 0 0 1 0.000000
000051 0 0 1 0.000000
000052 0 0 1 0.000000
000053 0 0 0 0.000000
000054 0 0 0 0.000000
000055 0 0 1 0.000000
000056 0 0 0 0.000000
000057 0 0 0 0.000000
000058 0 0 1 0.000000
000059 0 0 1 0.000000
000060 0 0 1 0.000000
000061 0 0 1 0.000000
000062 0 0 0 0.000000
000063 0 0 1 0.000000
000064 0 0 0 0.000000
000065 0 0 0 0.000000
000066 0 0 0 0.000000
000067 0 0 0 0.000000
000068 0 0 1 0.000000
000069 0 0 0 0.000000
000070 0 0 0 0.000000
000071 0 0 0 0.000000
000072 0 0 2 0.000000
000073 0 0 0 0.000000
000074 0 0 1 0.000000
000075 0 0 1 0.000000
000076 0 0 1 0.000000
000077 0 0 0 0.000000
000078 0 0 1 0.000000
000079 0 0 0 0.000000
000080 0 0 1 0.000000
000081 0 0 0 0.000000
000082 0 0 1 0.000000
000083 0 0 0 0.000000
000084 0 0 1 0.000000
000085 0 0 1 0.000000
000086 0 0 0 0.000000
000087 0 0 0 0.000000
000088 0 0 1 0.000000
000089 0 0 1 0.000000
000090 0 0 1 0.000000
000091 0 0 1 0.000000
000092 0 0 0 0.000000
000093 0 0 0 0.000000
000094 0 0 0 0.000000
000095 0 0 1 0.000000
000096 0 0 0 0.000000
000097 0 0 1 0.000000
000098 0 0 1 0.000000
000099 0 0 0 0.000000
000100 0 0 0 0.000000
000101 0 0 0 0.000000
000102 0 0 0 0.000000
000103 0 0 1 0.000000
000104 0 0 1 0.000000
000105 0 0 1 0.000000
000106 0 0 1 0.000000
000107 0 0 1 0.000000
000108 0 0 0 0.000000
000109 0 0 1 0.000000
000110 0 0 1 0.000000
000111 0 0 1 0.000000
000112 0 0 1 0.000000
000113 0 0 0 0.000000
000114 0 0 1 0.000000
000115 0 0 1 0.000000
000116 0 0 1 0.000000
000117 0 0 1 0.000000
000118 0 0 0 0.000000
000119 0 0 0 0.000000
000120 0 0 1 0.000000
000121 0 0 2 0.000000
000122 0 0 1 0.000000
000123 0 0 0 0.000000
000124 0 0 0 0.000000
000125 0 0 0 0.000000
000126 0 0 1 0.000000
000127 0 0 0 0.000000
000128 0 0 1 0.000000
000129 0 0 0 0.000000
000130 0 0 1 0.000000
000131 0 0 1 0.000000
000132 0 0 1 0.000000
000133 0 0 1 0.000000
000134 0 0 1 0.000000
000135 0 0 0 0.000000
000136 0 0 1 0.000000
000137 0 0 0 0.000000
000138 0 0 0 0.000000
000139 0 0 1 0.000000
000140 0 0 1 0.000000
000141 0 0 1 0.000000
000142 0 0 1 0.000000
000143 0 0 1 0.000000
000144 0 0 1 0.000000
000145 0 0 1 0.000000
000146 0 0 0 0.000000
000147 0 0 1 0.000000
000148 0 0 1 0.000000
000149 0 0 0 0.000000
000150 0 0 1 0.000000
000151 0 0 1 0.000000
000152 0 0 0 0.000000
000153 0 0 1 0.000000
000154 0 0 0 0.000000
000155 0 0 1 0.000000
000156 0 0 0 0.000000
000157 0 0 1 0.000000
000158 0 0 0 0.000000
000159 0 0 1 0.000000
000160 0 0 0 0.000000
000161 0 0 1 0.000000
000162 0 0 1 0.000000
000163 2 0 0 0.000000
000164 2 0 1 0.000000
000165 2 1 0 0.671750
000166 2 0 1 0.000000
000167 2 1 0 0.758326
000168 2 0 0 0.000000
000169 2 1 1 0.379637
000170 2 2 0 0.690823
000171 2 2 1 0.445211
000172 2 2 0 0.651747
000173 2 0 0 0.000000
000174 2 1 1 0.253553
000175 2 0 0 0.000000
000176 2 0 1 0.000000
000177 2 1 1 0.335702
000178 2 0 0 0.000000
000179 2 1 0 0.672169
000180 2 1 0 0.683086
000181 2 1 1 0.363374
000182 2 1 0 0.703792
000183 2 0 0 0.000000
000184 2 1 0 0.728802
000185 2 0 0 0.000000
000186 2 0 0 0.000000
000187 2 0 0 0.000000
000188 2 0 1 0.000000
000189 2 1 0 0.571334
000190 2 1 1 0.308621
000191 2 2 0 0.717574
000192 2 2 0 0.597673
000193 2 2 0 0.691024
000194 2 2 0 0.702691
000195 2 2 0 0.679520
000196 2 2 1 0.450797
000197 2 2 0 0.791727
000198 2 2 0 0.796173
000199 2 1 0 0.690063
000200 2 2 0 0.637113
000201 2 0 0 0.000000
000202 2 1 1 0.385308
000203 2 1 1 0.314655
000204 2 0 0 0.000000
000205 2 1 1 0.355631
000206 2 1 1 0.362252
000207 2 1 0 0.609674
000208 2 1 0 0.666657
000209 2 2 1 0.403046
000210 2 1 0 0.613136
000211 2 1 1 0.417210
000212 2 2 1 0.475395
000213 2 3 0 0.647714
000214 2 2 1 0.467320
000215 2 1 1 0.358065
000216 2 0 1 0.067370
000217 2 1 1 0.409781
000218 2 0 2 0.041611
000219 2 0 0 0.000000
000220 2 1 0 0.670470
000221 2 1 2 0.273701
000222 2 1 1 0.387401
000223 2 1 1 0.383166
000224 2 1 2 0.265116
000225 2 1 2 0.258975
000226 2 1 1 0.382774
000227 2 1 1 0.394547
000228 2 1 2 0.244681
000229 2 1 1 0.343728
000230 2 1 1 0.378678
000231 2 1 1 0.357092
000232 2 1 1 0.338380
000233 2 1 1 0.376657
000234 2 1 1 0.364813
000235 2 1 1 0.384421
000236 2 1 0 0.753314
000237 2 2 0 0.640575
000238 2 2 0 0.623620
000239 2 2 1 0.425292
000240 2 2 1 0.417564
000241 2 2 0 0.665767
000242 2 2 1 0.412496
000243 2 2 0 0.613531
000244 2 2 1 0.415216
000245 2 1 0 0.626011
000246 2 2 1 0.419570
000247 2 1 1 0.349188
000248 2 1 0 0.672747
000249 2 1 0 0.647906
000250 2 1 1 0.321023
000251 2 1 1 0.323953
000252 2 2 1 0.435162
000253 2 2 1 0.436738
000254 2 2 0 0.633378
000255 2 1 1 0.326864
000256 2 2 1 0.438985
000257 2 1 1 0.347766
000258 2 1 1 0.408727
000259 2 2 1 0.540936
000260 2 2 1 0.472594
000261 2 2 2 0.414406
000262 2 2 1 0.444819
000263 2 2 2 0.429059
000264 2 2 0 0.690213
000265 2 1 2 0.290018
000266 2 2 1 0.395502
000267 2 0 1 0.198064
000268 2 0 2 0.098611
000269 2 1 0 0.741995
000270 2 1 1 0.346307
000271 2 1 0 0.718831
000272 2 1 1 0.368329
000273 2 1 0 0.713767
000274 2 1 1 0.378858
000275 2 2 1 0.467131
000276 2 1 1 0.354144
000277 2 2 1 0.486535
000278 2 2 0 0.759133
000279 2 2 0 0.801574
000280 2 2 1 0.545437
000281 2 2 2 0.405806
000282 2 2 1 0.473306
000283 2 1 0 0.684282
000284 2 2 0 0.647139
000285 2 3 0 0.663494
000286 2 2 0 0.679945
000287 2 2 0 0.711246
000288 2 2 0 0.757676
000289 2 2 0 0.819489
000290 2 2 0 0.792451
000291 2 2 0 0.680281
000292 2 2 0 0.704495
000293 2 2 0 0.597000
000294 2 2 0 0.586447
000295 2 2 0 0.546230
000296 2 2 0 0.599954
000297 2 2 0 0.617991
000298 2 2 0 0.703969
000299 2 2 0 0.724688
000300 2 2 0 0.679176
000301 2 2 0 0.739868
000302 2 2 0 0.821010
000303 2 2 0 0.782729
000304 2 2 0 0.773017
000305 2 1 0 0.792635
000306 2 1 0 0.778284
000307 2 2 0 0.810463
000308 2 1 0 0.718262
000309 2 1 0 0.754713
000310 2 1 0 0.730660
000311 2 2 0 0.639002
000312 2 1 0 0.683566
000313 2 1 0 0.736637
000314 2 1 0 0.735511
000315 2 1 0 0.736637
000316 2 1 0 0.693162
000317 2 1 0 0.679698
000318 2 1 0 0.689438
000319 2 2 0 0.642756
000320 2 1 0 0.689438
000321 2 1 0 0.617548
000322 2 1 0 0.645830
000323 2 1 0 0.643463
000324 2 1 0 0.726505
000325 2 1 1 0.355355
000326 2 1 0 0.613825
000327 2 2 1 0.366441
000328 2 1 0 0.645016
000329 2 2 2 0.333843
000330 2 2 0 0.738679
000331 2 2 1 0.437785
000332 2 2 0 0.717763
000333 2 2 1 0.480081
000334 2 2 1 0.483313
000335 2 1 0 0.840512
000336 2 1 0 0.802851
000337 2 1 0 0.604722
000338 2 1 1 0.383346
000339 2 2 1 0.460368
000340 2 2 1 0.508487
000341 2 2 1 0.420965
000342 2 2 0 0.678669
000343 2 1 0 0.536808
000344 2 1 1 0.336543
000345 2 1 0 0.563134
000346 2 2 1 0.470778
000347 2 2 0 0.592745
000348 2 2 0 0.595147
000349 2 2 1 0.540949
000350 2 2 1 0.523788
000351 2 2 1 0.426716
000352 2 2 2 0.368539
000353 2 2 1 0.525366
000354 2 2 1 0.523507
000355 2 2 1 0.457559
000356 2 2 1 0.443922
000357 2 1 1 0.373586
000358 2 2 2 0.364482
000359 2 2 1 0.459799
000360 2 2 2 0.316438
000361 2 2 0 0.566409
000362 2 2 1 0.389088
000363 2 2 1 0.384407
000364 2 2 1 0.434929
000365 2 2 2 0.330430
000366 2 2 1 0.399909
000367 2 2 1 0.387457
000368 2 2 1 0.384821
000369 2 0 1 0.000000
000370 2 1 1 0.307157
000371 2 0 0 0.000000
000372 2 0 0 0.000000
000373 2 2 1 0.375951
000374 2 2 0 0.623130
000375 2 0 1 0.000000
000376 2 0 0 0.000000
000377 2 1 0 0.569231
000378 2 0 0 0.000000
000379 2 2 1 0.448350
000380 2 2 0 0.647541
000381 2 1 1 0.321843
000382 2 1 1 0.318153
000383 2 1 1 0.373877
000384 2 1 1 0.383346
000385 2 1 1 0.378553
000386 2 1 0 0.724964
000387 2 2 0 0.731074
000388 2 2 1 0.484152
000389 2 2 0 0.707742
000390 2 2 1 0.464191
000391 2 2 1 0.431105
000392 2 2 1 0.477890
000393 2 1 0 0.721411
000394 2 1 1 0.307950
000395 2 2 0 0.739051
000396 2 2 1 0.479463
000397 2 2 0 0.679427
000398 2 1 1 0.346477
000399 2 1 0 0.730271
000400 2 1 0 0.642108
000401 2 2 1 0.458858
000402 2 1 1 0.326164
000403 2 2 0 0.669111
000404 2 2 0 0.637375
000405 2 2 1 0.438968
000406 2 2 0 0.714575
000407 2 3 1 0.545660
000408 2 2 1 0.457596
000409 2 1 1 0.333154
000410 2 1 1 0.288589
000411 2 1 1 0.314524
000412 2 2 1 0.437942
000413 2 1 0 0.640809
000414 2 0 1 0.000000
000415 2 1 0 0.621655
000416 2 1 1 0.335410
000417 2 1 1 0.278472
000418 2 1 0 0.592343
000419 2 1 0 0.628060
000420 2 0 0 0.000000
000421 2 1 0 0.663869
000422 2 0 1 0.000000
000423 2 0 1 0.000000
000424 2 1 1 0.336433
000425 2 0 1 0.000000
000426 2 0 1 0.000000
000427 2 0 1 0.000000
000428 2 0 1 0.000000
000429 2 0 1 0.000000
000430 2 0 0 0.000000
000431 2 0 0 0.000000
000432 2 0 0 0.000000
000433 2 0 1 0.000000
000434 2 0 0 0.000000
000435 1 1 1 0.376825
000436 1 0 0 0.000000
000437 1 0 0 0.000000
000438 1 1 0 0.856241
000439 1 1 0 0.822517
000440 1 1 0 0.662642
000441 1 1 0 0.647686
000442 1 1 1 0.353342
000443 1 1 1 0.333109
000444 1 1 0 0.709070
000445 1 1 1 0.324644
000446 1 1 1 0.354535
000447 1 1 0 0.757450
000448 1 1 0 0.709070
000449 1 1 1 0.339721
000450 1 1 1 0.310664
000451 1 1 1 0.342401
000452 1 1 0 0.678772
000453 1 1 1 0.365172
000454 1 1 1 0.352468
000455 1 1 1 0.363659
000456 1 1 0 0.679442
000457 1 1 0 0.766402
000458 1 1 0 0.719280
000459 1 1 0 0.717076
000460 1 1 0 0.719280
000461 1 1 0 0.757589
000462 1 1 0 0.683298
000463 1 1 1 0.409033
000464 1 1 1 0.407702
000465 1 1 1 0.398820
000466 1 1 1 0.385814
000467 1 1 1 0.413871
000468 1 1 1 0.359640
000469 1 1 1 0.403487
000470 1 1 1 0.398822
000471 1 1 0 0.720506
000472 1 1 1 0.398822
000473 1 1 0 0.788532
000474 1 1 0 0.686102
000475 1 1 0 0.788522
000476 1 1 0 0.808619
000477 1 1 0 0.788532
000478 1 1 0 0.806969
000479 1 1 0 0.827747
000480 1 1 1 0.374650
000481 1 1 0 0.722796
000482 1 1 0 0.672931
000483 1 1 0 0.706910
000484 1 1 1 0.364276
000485 1 1 0 0.720828
000486 1 1 0 0.712969
000487 1 1 0 0.720828
000488 1 1 0 0.720828
000489 1 1 0 0.720828
000490 1 1 1 0.374650
000491 1 1 0 0.720506
000492 1 1 0 0.749301
000493 1 1 1 0.374650
000494 1 1 1 0.356484
000495 1 1 1 0.360414
000496 1 1 1 0.398822
000497 1 1 0 0.728551
000498 1 1 0 0.712636
000499 1 1 0 0.720828
000500 1 1 0 0.797644
000501 1 1 0 0.720506
000502 1 1 0 0.749125
000503 1 1 1 0.360253
000504 1 1 0 0.788532
000505 1 1 0 0.720828
000506 1 1 0 0.788532
000507 1 1 1 0.383201
000508 1 1 1 0.365000
000509 1 1 0 0.738144
000510 1 1 1 0.398820
000511 1 1 0 0.712636
000512 1 1 0 0.686102
000513 1 1 0 0.720828
000514 1 1 0 0.749125
000515 1 1 0 0.728862
000516 1 1 0 0.773121
000517 1 1 1 0.404249
000518 1 1 1 0.374353
000519 1 1 1 0.391504
000520 1 1 1 0.406803
000521 1 1 0 0.689088
000522 1 1 0 0.689088
000523 1 1 1 0.397198
000524 1 1 1 0.412796
000525 1 1 0 0.756679
000526 1 1 0 0.756910
000527 1 1 0 0.728111
000528 1 1 0 0.728111
000529 1 1 1 0.402327
000530 1 1 1 0.398859
000531 1 1 1 0.380463
000532 1 1 1 0.399568
000533 1 1 0 0.760423
000534 1 1 0 0.752755
000535 1 1 1 0.399760
000536 1 1 0 0.752755
000537 1 1 0 0.769275
000538 1 1 1 0.404249
000539 1 1 0 0.799520
000540 1 1 0 0.846708
000541 1 1 0 0.813491
000542 1 1 1 0.411462
000543 1 1 1 0.386561
000544 1 1 0 0.813491
000545 1 1 1 0.396752
000546 1 1 1 0.457396
000547 1 1 1 0.417802
000548 1 1 1 0.398822
000549 1 1 1 0.398822
000550 1 1 1 0.394266
000551 1 1 1 0.403484
000552 1 1 0 0.827743
000553 1 1 1 0.394266
000554 1 1 0 0.757755
000555 1 1 0 0.749301
000556 1 1 1 0.388359
000557 1 1 1 0.378877
000558 1 1 1 0.383980
000559 1 1 0 0.720506
000560 1 1 0 0.712636
000561 1 1 0 0.757589
000562 1 1 0 0.788532
000563 1 1 0 0.722033
000564 1 1 0 0.797641
000565 1 1 0 0.749125
000566 1 1 1 0.398822
000567 1 1 1 0.383201
000568 1 1 0 0.749125
000569 1 1 0 0.788532
000570 1 1 0 0.766402
000571 1 1 0 0.757589
000572 1 1 1 0.351278
000573 1 1 1 0.335798
000574 1 1 0 0.656177
000575 1 1 1 0.361017
000576 1 1 1 0.356318
000577 1 1 1 0.356485
000578 1 1 1 0.351278
000579 1 1 1 0.339627
000580 1 1 1 0.316081
000581 1 1 1 0.327063
000582 1 1 0 0.640586
000583 1 0 0 0.000000
000584 1 1 0 0.695475
000585 1 0 0 0.000000
000586 1 1 0 0.757589
000587 1 1 0 0.647285
000588 1 1 0 0.543522
000589 1 0 0 0.000000
000590 1 0 0 0.000000
000591 1 0 0 0.000000
000592 1 0 1 0.000000
000593 1 0 1 0.000000
000594 1 0 0 0.000000
000595 1 0 0 0.000000
000596 1 0 1 0.000000
000597 1 0 0 0.000000
000598 1 0 0 0.000000
000599 1 0 0 0.000000
000600 1 0 0 0.000000
000601 1 1 1 0.337121
000602 1 1 1 0.349441
000603 1 0 1 0.000000
000604 1 0 0 0.000000
000605 1 1 1 0.341372
000606 1 1 0 0.722043
000607 1 2 0 0.557908
000608 1 2 0 0.552880
000609 1 1 1 0.541338
000610 1 1 1 0.517752
000611 2 1 1 0.500987
000612 2 2 0 0.854259
000613 2 2 1 0.589688
000614 2 2 1 0.571962
000615 2 2 0 0.799435
000616 2 2 0 0.748990
000617 2 2 1 0.475210
000618 2 2 0 0.728660
000619 2 2 0 0.687533
000620 2 2 0 0.764866
000621 2 2 1 0.499726
000622 2 2 1 0.504939
000623 2 2 1 0.504036
000624 2 2 0 0.833772
000625 2 2 1 0.520846
000626 2 2 0 0.727995
000627 2 1 0 0.621415
000628 2 2 1 0.439421
000629 2 1 1 0.304280
000630 2 1 0 0.621544
000631 2 1 1 0.327401
000632 2 2 0 0.638601
000633 2 1 1 0.335282
000634 2 2 1 0.469716
000635 2 2 1 0.437022
000636 2 2 1 0.450023
000637 2 1 1 0.340663
000638 2 2 0 0.713238
000639 2 2 1 0.453592
000640 2 2 1 0.500214
000641 2 2 1 0.502770
000642 2 2 1 0.499036
000643 2 2 0 0.714490
000644 2 2 0 0.750976
000645 2 2 0 0.716545
000646 2 1 1 0.327864
000647 2 1 0 0.651403
000648 2 1 1 0.304851
000649 2 1 1 0.253317
000650 2 1 0 0.505443
000651 2 2 0 0.777322
000652 2 2 0 0.757901
000653 2 0 0 0.000000
000654 2 0 0 0.000000
000655 2 1 0 0.691000
000656 2 0 0 0.000000
000657 2 1 0 0.662589
000658 2 1 1 0.354031
000659 2 1 1 0.403622
000660 2 1 1 0.411149
000661 2 0 1 0.000000
000662 2 1 1 0.481349
000663 2 1 3 0.229604
000664 2 1 0 0.681081
000665 2 2 0 0.692936
000666 2 2 1 0.473691
000667 2 2 0 0.617275
000668 2 2 1 0.447872
000669 2 2 1 0.444077
000670 2 2 0 0.593655
000671 2 1 0 0.662026
000672 2 1 1 0.327622
000673 2 1 0 0.604824
000674 2 1 1 0.276702
000675 2 1 0 0.647020
000676 2 2 1 0.401212
000677 2 2 1 0.377385
000678 2 2 1 0.446852
000679 2 3 1 0.436758
000680 2 3 0 0.674185
000681 2 2 0 0.631564
000682 2 2 1 0.443952
000683 2 2 0 0.618854
000684 2 2 1 0.407507
000685 2 2 1 0.404326
000686 2 2 0 0.637740
000687 2 2 1 0.399495
000688 2 2 0 0.572197
000689 2 2 1 0.480138
000690 2 2 0 0.689464
000691 2 1 1 0.404222
000692 2 0 1 0.000000
000693 2 0 0 0.000000
000694 2 1 0 0.435316
000695 2 1 1 0.387385
000696 2 1 1 0.378997
000697 2 0 1 0.000000
000698 2 1 1 0.240688
000699 2 2 0 0.650349
000700 2 1 0 0.563502
000701 2 2 0 0.593783
000702 2 2 0 0.638741
000703 2 1 0 0.541475
000704 2 2 0 0.597284
000705 2 2 0 0.606735
000706 2 2 0 0.632251
000707 2 2 0 0.663774
000708 2 2 0 0.649137
000709 2 2 0 0.599846
000710 2 2 0 0.564682
000711 2 2 0 0.564800
000712 2 2 0 0.574608
000713 2 1 0 0.339039
000714 2 2 0 0.464730
000715 2 2 0 0.527972
000716 2 2 0 0.544810
000717 2 2 0 0.611672
000718 2 2 0 0.631392
000719 2 2 0 0.604553
000720 2 2 0 0.605709
000721 2 2 0 0.612372
000722 2 2 0 0.578935
000723 2 2 0 0.617673
000724 2 2 0 0.624995
000725 2 2 1 0.443076
000726 2 2 1 0.468194
000727 2 2 1 0.500458
000728 2 2 1 0.524558
000729 2 2 0 0.685690
000730 2 2 0 0.704146
000731 2 1 1 0.310588
000732 2 2 1 0.458420
000733 2 2 0 0.638966
000734 2 2 0 0.582976
000735 2 1 1 0.436535
000736 2 2 1 0.403420
000737 2 2 0 0.686799
000738 2 1 0 0.757409
000739 2 0 1 0.000000
000740 2 1 2 0.254244
000741 2 1 2 0.248632
000742 2 1 1 0.383787
000743 2 2 1 0.486013
000744 2 2 1 0.443114
000745 2 2 1 0.383219
000746 2 2 0 0.700166
000747 2 2 2 0.376009
000748 2 2 2 0.390624
000749 2 2 1 0.474457
000750 2 2 1 0.463148
000751 2 2 1 0.508632
000752 2 2 1 0.516615
000753 2 1 1 0.291645
000754 2 1 1 0.325702
000755 2 1 1 0.299429
000756 2 1 1 0.357526
000757 2 2 1 0.408840
000758 2 2 2 0.373205
000759 2 2 1 0.506522
000760 2 2 1 0.501427
000761 2 1 0 0.763922
000762 2 2 1 0.421400
000763 2 2 0 0.762543
000764 2 2 1 0.523929
000765 2 2 0 0.699025
000766 2 2 0 0.763850
000767 2 2 0 0.764543
000768 2 2 0 0.745984
000769 2 2 0 0.706837
000770 2 2 0 0.710166
000771 2 2 0 0.631546
000772 2 2 0 0.620179
000773 2 2 0 0.657875
000774 2 2 0 0.663213
000775 2 1 1 0.307645
000776 2 2 0 0.676453
000777 2 1 1 0.290198
000778 2 2 1 0.439840
000779 2 2 0 0.703178
000780 2 2 1 0.470821
000781 2 1 0 0.565906
000782 2 1 0 0.573059
000783 2 1 0 0.574038
000784 2 1 0 0.614993
000785 2 2 0 0.642078
000786 2 1 1 0.307533
000787 2 1 0 0.513287
000788 2 1 0 0.541921
000789 2 2 0 0.640537
000790 2 2 0 0.582114
000791 2 2 0 0.527274
000792 2 2 0 0.608414
000793 2 2 0 0.765499
000794 2 1 0 0.781850
000795 2 1 1 0.266562
000796 2 1 0 0.652586
000797 2 1 0 0.684664
000798 2 1 0 0.682616
000799 2 1 0 0.844072
000800 2 1 0 0.813859
000801 2 1 0 0.603344
000802 2 0 0 0.000000
000803 2 0 0 0.000000
000804 2 0 0 0.000000
000805 2 1 0 0.728362
000806 2 1 0 0.721289
000807 2 1 1 0.367542
000808 2 1 0 0.774443
000809 2 1 1 0.392481
000810 2 1 1 0.402728
000811 2 0 0 0.000000
000812 2 0 0 0.000000
000813 2 0 0 0.000000
000814 2 0 1 0.000000
000815 2 0 1 0.000000
000816 2 0 0 0.000000
000817 2 1 0 0.733838
000818 2 1 0 0.733838
000819 2 1 0 0.761610
000820 2 0 1 0.000000
000821 2 0 0 0.000000
000822 2 1 0 0.690634
000823 1 0 0 0.000000
000824 1 0 0 0.000000
000825 1 0 1 0.000000
000826 1 0 1 0.000000
000827 1 0 0 0.000000
000828 1 1 1 0.348011
000829 1 1 0 0.681879
000830 1 1 0 0.782350
000831 1 1 0 0.832352
000832 1 1 1 0.374031
000833 1 1 0 0.786251
000834 1 1 0 0.837334
000835 1 1 1 0.372306
000836 1 1 1 0.369249
000837 1 1 0 0.756970
000838 1 1 1 0.376995
000839 1 1 0 0.735087
000840 1 1 0 0.834453
000841 1 1 1 0.407120
000842 1 1 0 0.790017
000843 1 1 1 0.443744
000844 1 1 0 0.866500
000845 1 1 1 0.438702
000846 1 1 0 0.861781
000847 1 1 2 0.279615
000848 1 1 1 0.413950
000849 1 0 0 0.000000
000850 1 0 1 0.000000
000851 1 0 0 0.000000
000852 1 0 0 0.000000
000853 1 0 0 0.000000
000854 1 0 0 0.000000
000855 1 0 1 0.000000
000856 1 0 0 0.000000
000857 1 0 1 0.000000
000858 1 0 0 0.000000
000859 1 0 0 0.000000
000860 1 0 0 0.000000
000861 1 0 0 0.000000
000862 1 0 1 0.000000
000863 1 0 0 0.000000
000864 1 0 0 0.000000
000865 1 0 1 0.000000
000866 1 0 0 0.000000
000867 1 0 0 0.000000
000868 1 0 1 0.000000
000869 1 0 1 0.000000
000870 1 0 1 0.000000
000871 1 0 1 0.000000
000872 1 0 1 0.000000
000873 1 0 2 0.000000
000874 1 0 1 0.000000
000875 1 0 0 0.000000
000876 1 0 0 0.000000
000877 1 0 1 0.000000
000878 1 0 0 0.000000
000879 1 0 1 0.000000
000880 1 0 0 0.000000
000881 1 0 1 0.000000
000882 1 0 0 0.000000
000883 1 0 0 0.000000
000884 1 0 0 0.000000
000885 1 0 0 0.000000
000886 1 0 1 0.000000
000887 1 0 2 0.000000
000888 1 0 1 0.000000
000889 1 0 0 0.000000
000890 1 0 0 0.000000
000891 1 0 0 0.000000
000892 1 0 1 0.000000
000893 1 0 0 0.000000
000894 1 0 1 0.000000
000895 1 0 0 0.000000
000896 0 0 1 0.000000
000897 0 0 1 0.000000
000898 0 0 1 0.000000
000899 0 0 1 0.000000
000900 0 0 0 0.000000
