000001 0 0 0 0.000000
000002 0 0 0 0.000000
000003 0 0 0 0.000000
000004 0 0 1 0.000000
000005 0 0 0 0.000000
000006 0 0 0 0.000000
000007 0 0 0 0.000000
000008 0 0 0 0.000000
000009 0 0 0 0.000000
000010 0 0 0 0.000000
000011 0 0 0 0.000000
000012 0 0 0 0.000000
000013 0 0 0 0.000000
000014 0 0 0 0.000000
000015 0 0 1 0.000000
000016 0 0 0 0.000000
000017 0 0 0 0.000000
000018 0 0 0 0.000000
000019 0 0 0 0.000000
000020 0 0 0 0.000000
000021 0 0 0 0.000000
000022 0 0 0 0.000000
000023 0 0 0 0.000000
000024 0 0 0 0.000000
000025 0 0 0 0.000000
000026 0 0 0 0.000000
000027 0 0 0 0.000000
000028 0 0 0 0.000000
000029 0 0 0 0.000000
000030 0 0 0 0.000000
000031 0 0 0 0.000000
000032 0 0 0 0.000000
000033 0 0 0 0.000000
000034 0 0 0 0.000000
000035 0 0 0 0.000000
000036 0 0 0 0.000000
000037 0 0 0 0.000000
000038 0 0 0 0.000000
000039 0 0 0 0.000000
000040 0 0 0 0.000000
000041 0 0 0 0.000000
000042 0 0 0 0.000000
000043 0 0 0 0.000000
000044 0 0 0 0.000000
000045 0 0 0 0.000000
000046 0 0 0 0.000000
000047 0 0 0 0.000000
000048 0 0 0 0.000000
000049 0 0 0 0.000000
000050 0 0 0 0.000000
000051 0 0 0 0.000000
000052 0 0 0 0.000000
000053 0 0 0 0.000000
000054 0 0 0 0.000000
000055 0 0 0 0.000000
000056 0 0 0 0.000000
000057 0 0 0 0.000000
000058 0 0 0 0.000000
000059 0 0 0 0.000000
000060 0 0 0 0.000000
000061 0 0 0 0.000000
000062 0 0 0 0.000000
000063 0 0 0 0.000000
000064 0 0 0 0.000000
000065 0 0 0 0.000000
000066 0 0 0 0.000000
000067 0 0 0 0.000000
000068 0 0 0 0.000000
000069 0 0 0 0.000000
000070 0 0 0 0.000000
000071 0 0 0 0.000000
000072 0 0 0 0.000000
000073 0 0 0 0.000000
000074 0 0 0 0.000000
000075 0 0 0 0.000000
000076 0 0 0 0.000000
000077 0 0 0 0.000000
000078 0 0 0 0.000000
000079 0 0 0 0.000000
000080 0 0 0 0.000000
000081 0 0 0 0.000000
000082 0 0 0 0.000000
000083 0 0 0 0.000000
000084 0 0 0 0.000000
000085 0 0 0 0.000000
000086 0 0 0 0.000000
000087 0 0 0 0.000000
000088 0 0 0 0.000000
000089 0 0 0 0.000000
000090 0 0 0 0.000000
000091 0 0 0 0.000000
000092 0 0 0 0.000000
000093 0 0 0 0.000000
000094 0 0 0 0.000000
000095 0 0 0 0.000000
000096 0 0 0 0.000000
000097 0 0 0 0.000000
000098 0 0 0 0.000000
000099 0 0 0 0.000000
000100 0 0 0 0.000000
000101 0 0 0 0.000000
000102 0 0 0 0.000000
000103 0 0 0 0.000000
000104 0 0 0 0.000000
000105 0 0 0 0.000000
000106 0 0 0 0.000000
000107 0 0 0 0.000000
000108 0 0 0 0.000000
000109 0 0 0 0.000000
000110 0 0 0 0.000000
000111 0 0 0 0.000000
000112 0 0 0 0.000000
000113 0 0 0 0.000000
000114 0 0 0 0.000000
000115 0 0 0 0.000000
000116 0 0 0 0.000000
000117 0 0 0 0.000000
000118 0 0 0 0.000000
000119 0 0 0 0.000000
000120 0 0 0 0.000000
000121 0 0 0 0.000000
000122 0 0 0 0.000000
000123 0 0 0 0.000000
000124 0 0 0 0.000000
000125 0 0 0 0.000000
000126 0 0 0 0.000000
000127 0 0 0 0.000000
000128 0 0 0 0.000000
000129 0 0 0 0.000000
000130 0 0 0 0.000000
000131 0 0 0 0.000000
000132 0 0 0 0.000000
000133 0 0 0 0.000000
000134 0 0 0 0.000000
000135 0 0 0 0.000000
000136 0 0 0 0.000000
000137 0 0 0 0.000000
000138 0 0 0 0.000000
000139 0 0 0 0.000000
000140 0 0 0 0.000000
000141 1 0 0 0.000000
000142 1 0 0 0.000000
000143 1 0 0 0.000000
000144 1 0 0 0.000000
000145 1 0 0 0.000000
000146 1 0 0 0.000000
000147 1 0 0 0.000000
000148 1 0 0 0.000000
000149 1 0 0 0.000000
000150 1 0 0 0.000000
000151 1 0 0 0.000000
000152 1 0 1 0.000000
000153 1 0 0 0.000000
000154 1 0 0 0.000000
000155 1 0 0 0.000000
000156 1 0 0 0.000000
000157 1 0 0 0.000000
000158 1 0 0 0.000000
000159 1 0 0 0.000000
000160 1 0 0 0.000000
000161 1 0 0 0.000000
000162 1 0 0 0.000000
000163 1 0 0 0.000000
000164 1 0 0 0.000000
000165 1 0 0 0.000000
000166 1 0 0 0.000000
000167 1 0 0 0.000000
000168 1 0 0 0.000000
000169 1 0 0 0.000000
000170 1 0 0 0.000000
000171 1 0 0 0.000000
000172 1 0 0 0.000000
000173 1 0 0 0.000000
000174 1 0 0 0.000000
000175 1 0 0 0.000000
000176 1 0 0 0.000000
000177 1 0 0 0.000000
000178 1 0 0 0.000000
000179 1 0 1 0.000000
000180 1 0 0 0.000000
000181 1 0 0 0.000000
000182 1 0 0 0.000000
000183 1 0 0 0.000000
000184 1 0 0 0.000000
000185 1 0 0 0.000000
000186 1 0 0 0.000000
000187 1 0 0 0.000000
000188 1 0 0 0.000000
000189 1 1 0 0.575934
000190 1 1 0 0.598421
000191 1 1 0 0.563712
000192 1 1 0 0.556691
000193 1 1 0 0.522546
000194 1 1 0 0.558169
000195 1 1 0 0.531605
000196 1 1 0 0.617317
000197 1 0 0 0.000000
000198 1 0 0 0.000000
000199 1 1 0 0.835027
000200 1 1 1 0.409658
000201 1 1 1 0.381797
000202 1 1 0 0.828781
000203 1 1 0 0.746701
000204 1 1 0 0.842286
000205 1 1 0 0.681243
000206 1 1 0 0.639731
000207 1 1 0 0.686610
000208 1 1 0 0.649964
000209 1 1 1 0.314996
000210 1 1 0 0.632604
000211 1 1 0 0.649734
000212 1 1 0 0.635467
000213 1 1 0 0.608994
000214 1 1 0 0.672907
000215 1 1 1 0.309642
000216 1 1 0 0.646194
000217 1 1 0 0.682933
000218 1 1 0 0.673480
000219 1 1 0 0.597221
000220 1 1 0 0.615313
000221 1 1 0 0.655691
000222 1 1 0 0.561587
000223 1 1 0 0.550833
000224 1 1 1 0.267094
000225 1 1 0 0.609384
000226 1 1 0 0.769617
000227 1 1 0 0.740800
000228 1 0 0 0.000000
000229 1 1 0 0.663170
000230 1 1 0 0.707118
000231 1 1 0 0.672507
000232 1 1 0 0.706297
000233 1 1 0 0.767410
000234 1 1 0 0.679399
000235 1 1 0 0.569916
000236 1 1 0 0.571741
000237 1 1 0 0.678856
000238 1 1 0 0.643643
000239 1 0 0 0.000000
000240 1 1 1 0.357202
000241 1 1 0 0.750893
000242 1 1 0 0.664096
000243 1 1 0 0.535107
000244 1 1 0 0.563102
000245 1 1 0 0.561212
000246 1 1 0 0.563505
000247 1 1 0 0.688805
000248 1 1 0 0.620890
000249 1 1 0 0.641568
000250 1 1 0 0.623140
000251 1 2 0 0.716796
000252 1 1 0 0.578387
000253 1 1 0 0.560213
000254 1 1 1 0.297379
000255 1 1 0 0.759229
000256 1 1 0 0.666172
000257 1 2 0 0.720319
000258 1 1 0 0.820635
000259 1 1 0 0.655818
000260 1 1 0 0.670718
000261 1 1 0 0.689806
000262 1 1 0 0.679587
000263 1 1 0 0.561260
000264 1 1 0 0.618480
000265 1 1 0 0.717239
000266 1 1 0 0.620994
000267 1 1 0 0.600052
000268 1 1 0 0.641605
000269 1 1 1 0.324018
000270 1 1 0 0.620881
000271 1 1 1 0.356635
000272 1 1 0 0.647168
000273 1 1 0 0.710045
000274 1 1 0 0.700556
000275 1 1 1 0.321332
000276 1 1 0 0.668842
000277 1 1 0 0.642514
000278 1 1 0 0.609353
000279 1 1 0 0.602816
000280 1 2 0 0.678461
000281 1 1 0 0.493643
000282 1 1 0 0.557218
000283 1 1 0 0.680026
000284 1 1 0 0.629784
000285 1 1 0 0.520727
000286 1 0 0 0.000000
000287 1 1 0 0.525727
000288 1 1 0 0.559842
000289 1 1 0 0.515944
000290 1 1 0 0.549152
000291 1 1 0 0.604661
000292 1 1 0 0.536710
000293 1 2 0 0.581979
000294 1 1 0 0.774724
000295 1 1 0 0.686796
000296 1 1 1 0.355106
000297 1 1 0 0.633142
000298 1 0 0 0.000000
000299 1 0 0 0.000000
000300 1 0 0 0.000000
000301 1 1 0 0.853892
000302 1 1 0 0.726232
000303 1 1 0 0.726232
000304 1 1 0 0.801758
000305 1 1 0 0.790585
000306 1 1 0 0.717020
000307 1 1 1 0.367433
000308 1 1 0 0.761843
000309 1 1 0 0.755136
000310 1 1 0 0.827698
000311 1 1 1 0.388500
000312 1 1 0 0.782384
000313 1 1 0 0.760615
000314 1 1 0 0.777861
000315 1 1 0 0.866084
000316 1 1 0 0.812406
000317 1 1 0 0.791240
000318 1 1 0 0.846559
000319 1 0 0 0.000000
000320 1 1 1 0.420637
000321 1 1 0 0.925543
000322 1 1 0 0.795863
000323 1 1 0 0.862040
000324 1 0 0 0.000000
000325 1 0 0 0.000000
000326 1 0 0 0.000000
000327 1 1 0 0.463351
000328 1 1 0 0.669939
000329 1 1 0 0.584152
000330 1 2 0 0.537285
000331 1 1 0 0.399277
000332 1 1 0 0.340469
000333 1 0 0 0.000000
000334 1 2 0 0.591277
000335 1 1 0 0.791495
000336 1 1 0 0.773630
000337 1 1 0 0.711592
000338 1 1 0 0.672691
000339 1 1 0 0.808289
000340 1 1 0 0.808289
000341 1 1 0 0.710421
000342 1 1 0 0.724319
000343 1 1 0 0.676495
000344 1 1 0 0.694572
000345 1 1 0 0.703549
000346 1 1 0 0.694572
000347 1 1 0 0.694572
000348 1 1 0 0.672825
000349 1 1 0 0.668597
000350 1 1 0 0.697142
000351 1 1 0 0.718036
000352 1 1 0 0.781534
000353 1 1 1 0.406062
000354 1 1 0 0.838524
000355 1 1 0 0.851006
000356 1 1 0 0.800374
000357 1 1 0 0.673889
000358 1 1 0 0.721198
000359 1 1 0 0.658437
000360 1 1 0 0.579569
000361 1 0 0 0.000000
000362 1 0 0 0.000000
000363 1 0 0 0.000000
000364 1 0 0 0.000000
000365 1 0 0 0.000000
000366 1 0 0 0.000000
000367 1 0 0 0.000000
000368 1 0 0 0.000000
000369 1 0 0 0.000000
000370 1 0 1 0.000000
000371 1 0 0 0.000000
000372 1 0 0 0.000000
000373 1 0 0 0.000000
000374 1 0 0 0.000000
000375 1 1 0 0.687782
000376 1 1 0 0.715111
000377 1 1 0 0.662002
000378 1 1 0 0.866048
000379 1 1 0 0.835785
000380 1 1 0 0.820902
000381 1 1 0 0.896456
000382 1 1 0 0.926412
000383 1 1 0 0.771826
000384 1 1 0 0.798837
000385 1 1 0 0.827836
000386 1 1 0 0.788946
000387 1 1 0 0.801823
000388 1 1 0 0.827836
000389 1 1 0 0.789558
000390 1 1 0 0.864324
000391 1 1 0 0.795523
000392 1 1 0 0.777331
000393 1 1 0 0.804407
000394 1 1 0 0.821171
000395 1 1 0 0.810211
000396 1 1 0 0.759247
000397 1 1 0 0.877942
000398 1 1 0 0.841204
000399 1 1 0 0.809054
000400 1 1 0 0.809054
000401 1 1 0 0.751231
000402 1 1 0 0.843784
000403 1 1 0 0.917496
000404 1 1 0 0.836603
000405 1 0 0 0.000000
000406 1 0 0 0.000000
000407 1 0 0 0.000000
000408 1 1 0 0.840540
000409 1 1 0 0.893879
000410 1 1 0 0.893879
000411 1 1 0 0.861798
000412 1 0 0 0.000000
000413 1 1 0 0.884783
000414 1 1 0 0.806458
000415 1 1 0 0.876915
000416 1 1 0 0.876915
000417 1 1 0 0.871486
000418 1 1 0 0.839956
000419 1 1 0 0.780408
000420 1 1 0 0.800169
000421 1 1 0 0.879422
000422 1 1 0 0.837919
000423 1 1 0 0.827114
000424 1 1 0 0.797224
000425 1 1 0 0.797595
000426 1 1 0 0.769548
000427 1 1 0 0.780101
000428 1 1 0 0.749701
000429 1 1 0 0.743963
000430 1 1 0 0.878778
000431 1 1 0 0.797224
000432 1 1 0 0.871306
000433 1 1 0 0.819565
000434 1 1 0 0.834753
000435 1 1 0 0.842690
000436 1 1 0 0.871306
000437 1 1 0 0.871495
000438 1 1 0 0.784736
000439 1 1 0 0.799293
000440 1 1 0 0.818440
000441 1 1 0 0.752609
000442 1 1 0 0.763008
000443 1 1 0 0.752609
000444 1 1 0 0.739252
000445 1 1 0 0.662266
000446 1 0 0 0.000000
000447 1 0 0 0.000000
000448 1 0 0 0.000000
000449 1 0 0 0.000000
000450 1 0 0 0.000000
000451 1 1 0 0.782409
000452 1 0 0 0.000000
000453 1 0 0 0.000000
000454 1 0 0 0.000000
000455 1 0 1 0.000000
000456 1 1 0 0.750873
000457 1 1 0 0.641455
000458 1 1 0 0.641455
000459 1 1 0 0.747112
000460 1 1 0 0.667977
000461 1 1 0 0.715804
000462 1 1 0 0.649019
000463 1 1 0 0.743018
000464 1 1 0 0.721886
000465 1 1 0 0.691461
000466 1 1 0 0.715039
000467 1 1 0 0.725551
000468 1 1 0 0.761869
000469 1 1 0 0.825694
000470 1 1 0 0.821602
000471 1 1 0 0.870321
000472 1 1 0 0.877321
000473 1 1 0 0.862717
000474 1 1 0 0.916261
000475 1 1 0 0.844834
000476 1 1 0 0.849898
000477 1 1 0 0.849898
000478 1 1 0 0.911257
000479 1 1 0 0.911257
000480 1 1 0 0.813449
000481 1 1 0 0.962133
000482 1 1 0 0.822402
000483 1 1 0 0.813808
000484 1 1 0 0.757127
000485 1 1 0 0.756441
000486 1 1 0 0.756441
000487 1 0 0 0.000000
000488 1 1 0 0.686131
000489 1 1 0 0.804288
000490 1 1 0 0.840719
000491 1 1 0 0.801101
000492 1 1 0 0.893273
000493 1 1 0 0.937729
000494 1 1 0 0.893273
000495 1 1 0 0.801101
000496 1 1 0 0.709482
000497 1 1 0 0.883904
000498 1 1 0 0.796064
000499 1 1 0 0.804742
000500 1 1 0 0.864036
000501 1 1 0 0.826239
000502 1 1 0 0.848764
000503 1 1 0 0.788330
000504 1 1 0 0.884230
000505 1 1 0 0.788330
000506 1 1 0 0.806255
000507 1 1 0 0.878504
000508 1 1 0 0.884230
000509 1 1 1 0.447392
000510 1 1 0 0.838994
000511 1 1 0 0.884230
000512 1 1 0 0.933292
000513 1 1 0 0.873923
000514 1 1 0 0.837141
000515 1 1 0 0.848764
000516 1 1 0 0.781342
000517 1 1 0 0.933292
000518 1 1 0 0.894783
000519 1 1 0 0.832486
000520 1 1 0 0.883055
000521 1 1 0 0.883055
000522 1 1 0 0.841762
000523 1 1 0 0.798911
000524 1 1 0 0.772579
000525 1 1 0 0.699769
000526 1 1 0 0.827400
000527 1 1 0 0.742175
000528 1 1 0 0.714878
000529 1 1 0 0.794354
000530 1 1 0 0.726841
000531 1 1 0 0.722584
000532 1 1 1 0.361292
000533 1 1 0 0.750891
000534 1 0 0 0.000000
000535 1 1 0 0.688440
000536 1 1 0 0.731200
000537 1 1 0 0.711239
000538 1 0 0 0.000000
000539 1 1 0 0.787829
000540 1 1 0 0.839766
000541 1 1 1 0.393914
000542 1 1 0 0.765463
000543 1 1 0 0.725159
000544 1 1 0 0.733838
000545 1 1 0 0.774201
000546 1 1 0 0.733838
000547 1 1 0 0.940754
000548 1 1 0 0.973357
000549 1 1 0 0.822822
000550 1 1 0 0.876051
000551 1 1 0 0.734634
000552 1 1 0 0.887302
000553 1 1 0 0.828777
000554 1 1 0 0.756073
000555 1 1 0 0.818975
000556 1 1 0 0.845431
000557 1 1 0 0.774631
000558 1 1 0 0.808789
000559 1 1 0 0.774631
000560 1 1 0 0.783685
000561 1 1 0 0.716683
000562 1 1 0 0.765240
000563 1 1 0 0.783685
000564 1 1 0 0.742232
000565 1 1 0 0.751205
000566 1 1 0 0.646707
000567 1 1 0 0.742232
000568 1 1 0 0.688185
000569 1 1 1 0.344092
000570 1 1 0 0.716683
000571 1 1 0 0.690174
000572 1 1 0 0.685597
000573 1 1 0 0.690174
000574 1 1 0 0.677642
000575 1 1 0 0.708622
000576 1 1 0 0.663674
000577 1 1 0 0.748933
000578 1 1 0 0.739736
000579 1 1 0 0.684024
000580 1 1 0 0.717069
000581 1 1 0 0.761008
000582 1 1 0 0.770885
000583 1 1 0 0.761008
000584 1 1 0 0.756142
000585 1 1 1 0.385192
000586 1 1 0 0.746584
000587 1 1 0 0.684024
000588 1 1 0 0.660024
000589 1 1 0 0.660024
000590 1 1 0 0.823339
000591 1 1 0 0.741994
000592 1 1 0 0.714412
000593 1 1 1 0.342012
000594 1 1 0 0.714412
000595 1 1 0 0.697023
000596 1 1 0 0.676079
000597 1 1 0 0.756142
000598 1 1 0 0.756142
000599 1 1 0 0.851531
000600 1 1 0 0.801686
000601 1 1 0 0.833648
000602 1 1 0 0.856819
000603 1 1 0 0.856819
000604 1 1 1 0.428409
000605 1 1 1 0.373292
000606 1 1 0 0.775319
000607 1 1 0 0.701621
000608 1 1 0 0.761008
000609 1 1 0 0.705610
000610 1 1 0 0.667955
000611 1 1 0 0.751381
000612 1 1 1 0.340333
000613 1 1 0 0.672492
000614 1 1 0 0.701621
000615 1 1 0 0.710265
000616 1 1 0 0.660024
000617 1 1 0 0.710265
000618 1 1 0 0.705610
000619 1 1 0 0.751381
000620 1 1 0 0.770384
000621 1 1 0 0.676079
000622 1 1 0 0.727797
000623 1 1 0 0.718849
000624 1 1 0 0.737264
000625 1 1 0 0.780363
000626 1 1 0 0.796252
000627 1 1 0 0.796252
000628 1 1 0 0.801686
000629 1 1 0 0.986644
000630 1 1 0 0.894155
000631 1 1 0 0.851531
000632 1 1 0 0.967023
000633 1 1 0 0.913211
000634 1 1 0 0.900226
000635 1 2 0 0.784233
000636 1 1 0 0.868590
000637 1 1 0 0.851531
000638 1 1 0 0.911827
000639 1 1 0 0.812368
000640 1 1 0 0.875190
000641 1 1 0 0.801686
000642 1 1 0 0.823339
000643 1 1 0 0.932168
000644 1 1 0 0.812368
000645 1 1 1 0.469005
000646 1 1 0 0.938009
000647 1 1 0 0.906244
000648 1 1 0 0.875190
000649 1 1 0 0.851531
000650 1 1 0 1.086617
000651 1 1 0 1.055164
000652 1 1 0 0.801686
000653 1 1 0 0.625925
000654 1 1 0 0.660024
000655 1 0 0 0.000000
000656 1 0 0 0.000000
000657 1 0 0 0.000000
000658 1 0 0 0.000000
000659 1 0 0 0.000000
000660 1 0 0 0.000000
000661 1 0 0 0.000000
000662 1 0 0 0.000000
000663 1 0 0 0.000000
000664 1 1 0 0.895467
000665 1 2 0 0.692401
000666 1 0 0 0.000000
000667 1 1 0 0.664512
000668 1 2 0 0.714469
000669 1 2 0 0.646498
000670 1 0 0 0.000000
000671 1 0 0 0.000000
000672 1 0 0 0.000000
000673 1 1 0 1.048525
000674 1 1 0 0.956030
000675 1 1 0 0.956030
000676 1 1 0 0.956030
000677 1 1 0 0.971526
000678 1 1 0 0.971526
000679 1 1 0 1.009473
000680 1 1 0 0.965883
000681 1 0 0 0.000000
000682 1 0 0 0.000000
000683 1 0 1 0.000000
000684 1 0 0 0.000000
000685 1 0 0 0.000000
000686 1 1 0 1.025593
000687 1 1 0 0.988778
000688 1 0 0 0.000000
000689 1 1 0 1.097703
000690 1 1 0 1.080878
000691 1 1 0 0.965883
000692 1 1 0 0.937050
000693 1 1 0 0.971526
000694 1 1 0 1.009473
000695 1 1 0 1.025593
000696 1 1 0 0.900511
000697 1 1 0 0.956030
000698 1 1 0 0.956030
000699 1 1 0 0.971526
000700 1 1 0 0.956030
000701 1 1 0 0.872803
000702 1 1 0 0.872803
000703 1 1 0 0.956030
000704 1 1 0 0.956030
000705 1 1 0 0.956030
000706 1 1 0 0.971526
000707 1 2 0 0.778224
000708 1 1 0 0.940551
000709 1 0 0 0.000000
000710 1 0 0 0.000000
000711 1 0 0 0.000000
000712 1 0 0 0.000000
000713 1 0 0 0.000000
000714 1 0 0 0.000000
000715 1 1 0 0.684024
000716 1 1 0 1.071312
000717 1 0 0 0.000000
000718 1 1 0 1.071312
000719 1 1 0 1.048525
000720 1 1 0 1.018567
000721 1 1 0 0.958573
000722 1 1 0 0.945186
000723 1 1 0 0.972448
000724 1 1 0 1.055164
000725 1 1 0 0.981285
000726 1 1 0 0.994982
000727 1 1 0 1.009868
000728 1 1 0 0.994982
000729 1 1 0 1.087963
000730 1 1 0 0.994982
000731 1 1 0 1.087963
000732 1 1 0 0.981285
000733 1 1 0 1.030302
000734 1 1 0 1.071312
000735 1 1 0 0.958245
000736 1 1 0 1.008665
000737 1 1 0 1.048525
000738 1 1 0 0.967023
000739 1 1 0 0.932168
000740 1 1 0 0.932168
000741 1 1 0 0.924078
000742 1 1 0 0.932168
000743 1 1 0 0.911125
000744 1 1 0 0.899009
000745 1 1 0 0.937404
000746 1 1 0 1.018293
000747 1 1 0 0.980529
000748 1 1 0 1.003536
000749 1 1 0 1.018567
000750 1 1 1 0.479287
000751 1 1 0 1.018567
000752 1 1 0 1.004048
000753 1 1 0 0.799291
000754 1 1 0 0.805277
000755 1 1 0 0.933450
000756 1 1 0 0.863168
000757 1 1 0 0.797684
000758 1 1 0 0.900556
000759 1 1 0 0.825087
000760 1 1 0 0.913500
000761 1 1 0 0.926848
000762 1 1 0 0.887377
000763 1 1 0 0.833133
000764 1 1 0 0.920222
000765 1 1 0 0.856934
000766 1 1 0 0.856086
000767 1 1 0 0.836556
000768 1 1 0 0.869086
000769 1 1 0 0.887377
000770 1 1 0 1.012893
000771 1 1 0 0.805449
000772 1 1 0 0.961011
000773 1 1 1 0.473687
000774 1 1 1 0.440680
000775 1 1 1 0.473687
000776 1 1 0 0.975838
000777 1 1 0 1.013168
000778 1 1 0 0.975838
000779 1 1 0 0.887377
000780 1 1 0 0.990483
000781 1 1 0 0.954265
000782 1 1 0 1.028290
000783 1 1 0 1.028724
000784 1 1 0 0.967977
000785 1 1 0 0.998075
000786 1 1 0 0.961473
000787 1 1 0 0.961620
000788 1 1 0 0.983178
000789 1 1 0 0.947130
000790 1 1 0 1.005490
000791 1 1 0 0.983178
000792 1 1 0 0.940357
000793 1 1 0 0.885078
000794 1 1 0 0.904363
000795 1 1 0 0.904363
000796 1 1 0 0.913211
000797 1 1 0 0.891149
000798 1 1 0 0.845117
000799 1 0 0 0.000000
000800 1 1 1 0.431642
000801 1 1 0 0.786739
000802 1 1 0 0.844794
000803 1 1 0 0.742098
000804 1 1 0 0.825087
000805 1 1 0 0.869086
000806 1 1 0 0.814839
000807 1 1 0 0.868334
000808 1 1 0 0.751962
000809 1 1 0 0.907106
000810 1 1 0 0.913500
000811 1 1 0 0.856934
000812 1 1 0 0.925719
000813 1 1 0 0.920382
000814 1 1 0 0.881361
000815 1 1 0 0.961011
000816 1 1 0 0.887605
000817 1 1 0 0.947130
000818 1 1 0 0.932196
000819 1 1 0 0.989122
000820 1 1 0 0.925719
000821 1 1 1 0.450278
000822 1 1 0 0.893611
000823 1 1 0 0.913500
000824 1 1 0 0.947374
000825 1 1 0 0.933683
000826 1 1 0 0.861883
000827 1 1 0 0.939254
000828 1 1 0 0.874061
000829 1 1 0 0.919641
000830 1 0 0 0.000000
000831 1 0 0 0.000000
000832 1 0 0 0.000000
000833 1 1 0 0.989122
000834 1 1 0 0.947374
000835 1 1 0 0.974633
000836 1 1 0 0.838913
000837 1 1 0 0.716128
000838 1 0 0 0.000000
000839 1 1 1 0.459414
000840 1 1 0 0.799291
000841 1 1 0 0.881361
000842 1 1 0 0.833602
000843 1 1 0 0.702008
000844 1 1 0 0.880648
000845 1 1 0 0.939254
000846 1 1 0 0.810119
000847 1 1 0 0.816214
000848 1 1 0 0.868334
000849 1 1 0 0.868334
000850 1 1 0 0.900226
000851 1 1 0 0.833602
000852 1 1 0 0.925719
000853 1 1 0 0.794981
000854 1 1 0 0.856359
000855 1 1 0 0.856359
000856 1 1 0 0.816214
000857 1 1 0 0.805277
000858 1 1 0 0.748948
000859 1 1 0 0.816214
000860 1 1 0 0.816214
000861 1 1 0 0.816214
000862 1 1 0 0.805277
000863 1 1 0 0.805277
000864 1 1 0 0.805277
000865 1 1 0 0.784452
000866 1 1 0 0.784452
000867 1 1 0 0.833602
000868 1 1 0 0.816214
000869 1 1 0 0.856359
000870 1 1 0 0.794981
000871 1 1 1 0.408107
000872 1 1 0 0.816214
000873 1 1 0 0.794630
000874 1 1 0 0.768726
000875 1 1 0 0.784452
000876 1 1 0 0.758708
000877 1 1 0 0.794630
000878 1 1 0 0.856359
000879 1 1 0 0.784452
000880 1 1 0 0.768726
000881 1 1 0 0.816214
000882 1 1 0 0.827452
000883 1 1 0 0.816214
000884 1 1 0 0.758708
000885 1 1 0 0.856359
000886 1 1 0 0.816214
000887 1 1 0 0.816214
000888 1 1 0 0.805277
000889 1 1 1 0.397491
000890 1 1 1 0.371821
000891 1 1 0 0.816214
000892 1 1 0 0.748948
000893 1 1 0 0.768726
000894 1 1 0 0.768726
000895 1 1 0 0.816214
000896 1 1 0 0.748948
000897 1 1 0 0.816214
000898 1 1 0 0.856359
000899 1 1 0 0.856359
000900 1 1 0 0.739580
000901 1 1 0 0.816214
000902 1 1 0 0.748948
000903 1 1 0 0.816214
000904 1 1 0 0.805277
000905 1 1 0 0.816214
000906 1 1 0 0.805277
000907 1 1 0 0.784452
000908 1 1 0 0.805277
000909 1 1 0 0.805277
000910 1 1 0 0.768726
000911 1 1 0 0.816214
000912 1 1 0 0.816214
000913 1 1 0 0.762921
000914 1 1 0 0.716128
000915 1 1 0 0.768726
000916 1 1 0 0.784452
000917 1 1 0 0.758708
000918 1 1 0 0.758708
000919 1 1 0 0.677088
000920 1 1 0 0.758708
000921 1 1 0 0.768726
000922 1 1 0 0.805277
000923 1 1 0 0.805277
000924 1 1 0 0.856359
000925 1 1 0 0.799291
000926 1 1 0 0.794630
000927 1 1 0 0.856359
000928 1 1 0 0.816214
000929 1 1 0 0.845114
000930 1 1 0 0.856359
000931 1 0 0 0.000000
000932 1 1 0 0.748948
000933 1 1 0 0.702008
000934 1 1 0 0.768726
000935 1 1 0 0.730168
000936 1 1 0 0.758708
000937 1 1 0 0.758708
000938 1 1 0 0.794981
000939 1 1 0 0.677088
000940 1 1 0 0.707158
000941 1 1 0 0.758708
000942 1 1 0 0.730168
000943 1 1 0 0.758708
000944 1 1 0 0.660758
000945 1 1 0 0.677088
000946 1 1 0 0.645005
000947 1 1 0 0.707158
000948 1 1 0 0.604447
000949 1 1 0 0.668823
000950 1 1 0 0.660758
000951 1 1 0 0.633568
000952 1 1 0 0.587421
000953 1 1 0 0.633568
000954 1 1 0 0.633568
000955 1 1 0 0.641200
000956 1 1 0 0.601067
000957 1 1 0 0.594166
000958 1 1 0 0.580828
000959 1 1 0 0.511885
000960 1 1 0 0.601067
000961 1 1 0 0.564633
000962 1 1 0 0.618705
000963 1 1 0 0.856947
000964 1 1 0 0.601067
000965 1 1 0 0.660758
000966 1 1 0 0.626116
000967 1 1 0 0.519747
000968 1 1 0 0.483207
000969 1 1 0 0.558371
000970 1 1 0 0.525399
000971 1 1 0 0.551933
000972 1 1 0 0.537276
000973 1 1 0 0.594166
000974 1 1 1 0.293711
000975 1 1 0 0.633568
000976 1 0 0 0.000000
000977 1 0 0 0.000000
000978 1 1 0 0.626116
000979 1 0 0 0.000000
000980 1 1 0 0.545862
000981 1 0 0 0.000000
000982 1 0 0 0.000000
000983 1 0 0 0.000000
000984 1 1 0 0.601067
000985 1 1 0 0.558371
000986 1 1 0 0.660758
000987 1 1 0 0.594166
000988 1 2 0 0.491114
000989 1 1 0 0.626116
000990 1 0 0 0.000000
000991 1 1 0 0.311982
000992 1 1 0 0.580555
000993 1 1 0 0.432703
000994 1 1 0 0.452350
000995 1 1 0 0.506458
000996 1 1 0 0.447315
000997 1 1 0 0.587421
000998 1 1 0 0.587421
000999 1 1 0 0.537276
001000 1 1 0 0.525399
001001 1 1 0 0.473385
001002 1 1 0 0.525753
001003 1 1 0 0.531452
001004 1 1 0 0.495481
001005 1 1 0 0.483207
001006 1 1 0 0.463345
001007 1 1 0 0.478245
001008 1 1 0 0.478245
001009 1 1 0 0.525753
001010 1 1 0 0.452350
001011 1 1 0 0.884395
001012 1 1 0 0.920632
001013 1 1 0 0.841897
001014 1 1 0 0.776829
001015 1 0 0 0.000000
001016 1 1 0 0.788326
001017 1 2 0 0.679477
001018 1 1 0 0.725371
001019 1 1 0 0.879720
001020 1 1 0 0.827437
001021 1 1 0 0.942474
001022 1 1 0 0.939098
001023 1 1 0 0.856896
001024 1 1 0 0.902840
001025 1 1 0 0.897601
001026 1 1 0 0.895118
001027 1 0 0 0.000000
001028 1 1 0 0.838058
001029 1 1 0 0.658180
001030 1 1 0 0.826872
001031 1 1 0 0.758759
001032 1 1 0 0.804646
001033 1 1 0 0.866594
001034 1 1 0 0.920195
001035 1 1 0 0.930609
001036 1 1 0 0.931528
001037 1 1 0 0.921526
001038 1 1 0 0.878220
001039 1 1 0 0.884780
001040 1 1 0 0.775756
001041 1 1 0 0.783067
001042 1 1 0 0.808475
001043 1 1 0 0.891631
001044 1 1 0 0.783067
001045 1 1 0 0.823077
001046 1 1 0 0.790350
001047 1 1 0 0.822071
001048 1 1 0 0.745478
001049 1 1 0 0.752188
001050 1 1 1 0.376184
001051 1 1 0 0.722068
001052 1 1 0 0.744920
001053 1 1 0 0.721023
001054 1 1 0 0.857194
001055 1 1 0 0.924434
001056 1 1 0 0.915084
001057 1 1 0 0.918178
001058 1 1 0 0.894471
001059 1 1 0 0.641414
001060 1 1 0 0.796604
001061 1 1 0 0.850965
001062 1 1 0 0.854429
001063 1 1 0 0.865778
001064 1 1 0 0.822071
001065 1 1 0 0.901030
001066 1 1 0 0.921912
001067 1 1 0 0.908236
001068 1 1 0 0.912043
001069 1 1 0 0.917287
001070 1 1 0 0.910469
001071 1 1 0 0.815729
001072 1 1 0 0.797404
001073 1 1 0 0.790686
001074 1 1 0 0.869321
001075 1 1 0 0.796321
001076 1 1 0 0.829283
001077 1 1 0 0.899136
001078 1 1 0 0.853400
001079 1 1 0 0.904138
001080 1 1 0 0.832118
001081 1 0 0 0.000000
001082 1 1 0 0.915943
001083 1 1 0 0.912105
001084 1 1 0 0.913099
001085 1 1 0 0.915943
001086 1 1 0 0.885123
001087 1 1 0 0.922574
001088 1 1 0 0.915943
001089 1 1 0 0.887165
001090 1 1 0 0.919691
001091 1 1 0 0.933163
001092 1 1 0 0.926378
001093 1 1 0 0.921524
001094 1 1 0 0.913099
001095 1 1 0 0.927177
001096 1 1 0 0.891469
001097 1 1 0 0.850180
001098 1 1 0 0.875670
001099 1 1 0 0.885483
001100 1 0 0 0.000000
001101 1 0 0 0.000000
001102 1 0 0 0.000000
001103 1 1 0 0.878872
001104 1 0 0 0.000000
001105 1 1 0 0.885799
001106 1 1 0 0.888609
001107 1 1 0 0.872394
001108 1 0 0 0.000000
001109 1 0 0 0.000000
001110 1 1 0 0.855386
001111 1 1 0 0.908603
001112 1 1 0 0.850630
001113 1 1 0 0.899658
001114 1 1 0 0.764594
001115 1 1 0 0.821436
001116 1 1 0 0.821436
001117 1 1 0 0.795119
001118 1 1 0 0.829650
001119 1 1 0 0.824373
001120 1 1 0 0.796759
001121 1 1 0 0.829877
001122 1 1 0 0.845418
001123 1 1 0 0.877160
001124 1 1 0 0.858740
001125 1 1 0 0.906601
001126 1 1 0 0.860558
001127 1 1 0 0.907019
001128 1 1 0 0.906525
001129 1 1 0 0.913783
001130 1 1 0 0.899032
001131 1 1 0 0.864791
001132 1 1 1 0.432395
001133 1 1 0 0.932765
001134 1 1 0 0.914901
001135 1 1 0 0.924196
001136 1 1 0 0.914901
001137 1 1 0 0.905375
001138 1 1 0 0.866533
001139 1 1 0 0.866707
001140 1 1 0 0.850144
001141 1 1 0 0.830548
001142 1 1 0 0.646175
001143 1 1 0 0.859495
001144 1 1 0 0.771501
001145 1 0 0 0.000000
001146 1 1 0 0.889065
001147 1 1 0 0.890275
001148 1 1 0 0.863832
001149 1 0 0 0.000000
001150 1 1 0 0.909474
001151 1 0 0 0.000000
001152 1 0 0 0.000000
001153 1 0 0 0.000000
001154 1 0 0 0.000000
001155 1 0 0 0.000000
001156 1 0 0 0.000000
001157 1 0 0 0.000000
001158 1 1 0 0.875613
001159 1 1 0 0.897581
001160 1 1 0 0.904597
001161 1 1 0 0.881850
001162 1 1 1 0.441087
001163 1 1 0 0.911597
001164 1 1 0 0.907076
001165 1 0 0 0.000000
001166 1 0 0 0.000000
001167 1 1 0 0.866894
001168 1 1 0 0.902185
001169 1 1 0 0.910262
001170 1 1 0 0.888020
001171 1 1 0 0.909497
001172 1 1 0 0.891168
001173 1 1 0 0.814164
001174 1 1 0 0.753535
001175 1 1 0 0.761991
001176 1 1 0 0.765283
001177 1 1 0 0.662274
001178 1 1 0 0.830954
001179 1 1 0 0.682511
001180 1 1 0 0.679380
001181 1 1 0 0.645892
001182 1 0 0 0.000000
001183 1 1 0 0.718550
001184 1 1 0 0.713945
001185 1 0 0 0.000000
001186 1 1 0 0.688739
001187 1 1 0 0.749192
001188 1 1 0 0.719411
001189 1 1 0 0.807712
001190 1 1 0 0.854148
001191 1 1 0 0.808960
001192 1 1 0 0.882700
001193 1 1 0 0.864644
001194 1 0 0 0.000000
001195 1 0 0 0.000000
001196 1 0 0 0.000000
001197 1 0 0 0.000000
001198 1 1 0 0.757331
001199 1 0 0 0.000000
001200 1 1 0 0.696074
001201 1 0 0 0.000000
001202 1 0 0 0.000000
001203 1 1 0 0.835770
001204 1 0 0 0.000000
001205 1 0 0 0.000000
001206 1 1 0 0.785150
001207 1 1 0 0.881900
001208 1 1 0 0.864793
001209 1 1 0 0.729200
001210 1 0 0 0.000000
001211 1 1 0 0.862601
001212 1 1 0 0.855151
001213 1 1 0 0.785940
001214 1 1 0 0.813669
001215 1 1 0 0.717022
001216 1 1 0 0.741607
001217 1 1 0 0.686858
001218 1 0 0 0.000000
001219 1 0 0 0.000000
001220 1 0 0 0.000000
001221 1 0 0 0.000000
001222 1 0 0 0.000000
001223 1 0 0 0.000000
001224 1 0 0 0.000000
001225 1 0 0 0.000000
001226 1 1 0 0.788038
001227 1 1 0 0.907713
001228 1 0 0 0.000000
001229 1 1 0 0.901408
001230 1 0 0 0.000000
001231 1 1 0 0.877987
001232 1 1 0 0.845306
001233 1 1 0 0.770094
001234 1 0 0 0.000000
001235 1 0 0 0.000000
001236 1 1 0 0.499738
001237 1 1 0 0.549860
001238 1 1 0 0.514440
001239 1 0 0 0.000000
001240 1 0 0 0.000000
001241 1 0 0 0.000000
001242 1 0 0 0.000000
001243 1 1 0 0.784680
001244 1 1 0 0.803187
001245 1 1 0 0.676961
001246 1 1 0 0.823400
001247 1 1 0 0.499200
001248 1 0 0 0.000000
001249 1 0 0 0.000000
001250 1 0 0 0.000000
001251 1 1 0 0.360224
001252 1 1 0 0.373066
001253 1 2 0 0.606137
001254 1 1 0 0.536207
001255 1 0 0 0.000000
001256 1 0 0 0.000000
001257 1 0 0 0.000000
001258 1 0 0 0.000000
001259 1 0 0 0.000000
001260 1 0 0 0.000000
001261 1 0 0 0.000000
001262 1 0 0 0.000000
001263 1 0 0 0.000000
001264 1 0 0 0.000000
001265 1 0 0 0.000000
001266 1 0 0 0.000000
001267 1 0 0 0.000000
001268 1 0 0 0.000000
001269 1 0 0 0.000000
001270 1 0 0 0.000000
001271 1 0 0 0.000000
001272 1 0 0 0.000000
001273 1 0 0 0.000000
001274 1 0 0 0.000000
001275 1 0 0 0.000000
001276 1 0 0 0.000000
001277 1 0 0 0.000000
001278 1 0 0 0.000000
001279 1 0 0 0.000000
001280 1 0 0 0.000000
001281 1 0 0 0.000000
001282 1 0 0 0.000000
001283 1 0 0 0.000000
001284 1 0 0 0.000000
001285 1 0 0 0.000000
001286 1 0 0 0.000000
001287 1 0 0 0.000000
001288 1 0 0 0.000000
001289 1 0 0 0.000000
001290 0 0 0 0.000000
001291 0 0 0 0.000000
001292 0 0 0 0.000000
001293 0 0 0 0.000000
001294 0 0 0 0.000000
001295 0 0 0 0.000000
001296 0 0 0 0.000000
001297 0 0 0 0.000000
001298 0 0 0 0.000000
001299 0 0 0 0.000000
001300 0 0 0 0.000000
