000001 0 0 0 0.000000
000002 0 0 0 0.000000
000003 0 0 0 0.000000
000004 0 0 0 0.000000
000005 0 0 0 0.000000
000006 0 0 1 0.000000
000007 0 0 0 0.000000
000008 0 0 0 0.000000
000009 0 0 0 0.000000
000010 0 0 0 0.000000
000011 0 0 0 0.000000
000012 0 0 0 0.000000
000013 0 0 0 0.000000
000014 0 0 0 0.000000
000015 0 0 0 0.000000
000016 0 0 0 0.000000
000017 0 0 0 0.000000
000018 0 0 0 0.000000
000019 0 0 1 0.000000
000020 0 0 1 0.000000
000021 0 0 1 0.000000
000022 0 0 0 0.000000
000023 0 0 0 0.000000
000024 0 0 0 0.000000
000025 0 0 0 0.000000
000026 0 0 0 0.000000
000027 0 0 0 0.000000
000028 0 0 0 0.000000
000029 0 0 0 0.000000
000030 0 0 0 0.000000
000031 0 0 0 0.000000
000032 0 0 0 0.000000
000033 0 0 0 0.000000
000034 0 0 0 0.000000
000035 0 0 0 0.000000
000036 0 0 0 0.000000
000037 0 0 0 0.000000
000038 0 0 0 0.000000
000039 0 0 0 0.000000
000040 0 0 0 0.000000
000041 0 0 0 0.000000
000042 0 0 0 0.000000
000043 0 0 0 0.000000
000044 0 0 0 0.000000
000045 0 0 0 0.000000
000046 0 0 0 0.000000
000047 0 0 0 0.000000
000048 0 0 0 0.000000
000049 0 0 0 0.000000
000050 0 0 0 0.000000
000051 0 0 0 0.000000
000052 0 0 0 0.000000
000053 0 0 1 0.000000
000054 0 0 0 0.000000
000055 0 0 0 0.000000
000056 0 0 0 0.000000
000057 0 0 0 0.000000
000058 0 0 0 0.000000
000059 0 0 0 0.000000
000060 0 0 1 0.000000
000061 0 0 0 0.000000
000062 0 0 0 0.000000
000063 0 0 0 0.000000
000064 0 0 0 0.000000
000065 0 0 0 0.000000
000066 0 0 0 0.000000
000067 0 0 2 0.000000
000068 0 0 0 0.000000
000069 0 0 0 0.000000
000070 0 0 1 0.000000
000071 0 0 0 0.000000
000072 0 0 0 0.000000
000073 0 0 0 0.000000
000074 0 0 0 0.000000
000075 0 0 0 0.000000
000076 0 0 0 0.000000
000077 0 0 0 0.000000
000078 0 0 0 0.000000
000079 0 0 0 0.000000
000080 0 0 0 0.000000
000081 0 0 0 0.000000
000082 0 0 0 0.000000
000083 0 0 0 0.000000
000084 0 0 0 0.000000
000085 0 0 0 0.000000
000086 0 0 0 0.000000
000087 0 0 0 0.000000
000088 0 0 0 0.000000
000089 0 0 0 0.000000
000090 0 0 0 0.000000
000091 0 0 0 0.000000
000092 0 0 0 0.000000
000093 0 0 0 0.000000
000094 0 0 0 0.000000
000095 0 0 0 0.000000
000096 0 0 0 0.000000
000097 0 0 0 0.000000
000098 0 0 1 0.000000
000099 0 0 1 0.000000
000100 0 0 0 0.000000
000101 0 0 0 0.000000
000102 0 0 0 0.000000
000103 0 0 0 0.000000
000104 0 0 0 0.000000
000105 0 0 0 0.000000
000106 0 0 1 0.000000
000107 0 0 0 0.000000
000108 0 0 0 0.000000
000109 0 0 0 0.000000
000110 0 0 0 0.000000
000111 0 0 0 0.000000
000112 0 0 1 0.000000
000113 0 0 0 0.000000
000114 0 0 0 0.000000
000115 0 0 0 0.000000
000116 0 0 0 0.000000
000117 0 0 0 0.000000
000118 0 0 0 0.000000
000119 0 0 0 0.000000
000120 0 0 0 0.000000
000121 0 0 0 0.000000
000122 0 0 0 0.000000
000123 0 0 0 0.000000
000124 0 0 0 0.000000
000125 0 0 0 0.000000
000126 0 0 0 0.000000
000127 0 0 0 0.000000
000128 0 0 0 0.000000
000129 0 0 0 0.000000
000130 0 0 0 0.000000
000131 0 0 0 0.000000
000132 0 0 0 0.000000
000133 0 0 0 0.000000
000134 0 0 0 0.000000
000135 0 0 0 0.000000
000136 0 0 0 0.000000
000137 0 0 0 0.000000
000138 0 0 0 0.000000
000139 0 0 0 0.000000
000140 0 0 0 0.000000
000141 0 0 0 0.000000
000142 0 0 0 0.000000
000143 0 0 0 0.000000
000144 0 0 0 0.000000
000145 0 0 0 0.000000
000146 0 0 1 0.000000
000147 0 0 0 0.000000
000148 0 0 0 0.000000
000149 0 0 0 0.000000
000150 0 0 0 0.000000
000151 0 0 0 0.000000
000152 0 0 0 0.000000
000153 0 0 0 0.000000
000154 0 0 0 0.000000
000155 0 0 0 0.000000
000156 0 0 1 0.000000
000157 0 0 0 0.000000
000158 0 0 0 0.000000
000159 0 0 0 0.000000
000160 0 0 0 0.000000
000161 0 0 0 0.000000
000162 0 0 0 0.000000
000163 0 0 0 0.000000
000164 0 0 0 0.000000
000165 0 0 0 0.000000
000166 0 0 0 0.000000
000167 0 0 0 0.000000
000168 0 0 0 0.000000
000169 0 0 0 0.000000
000170 0 0 0 0.000000
000171 0 0 0 0.000000
000172 0 0 0 0.000000
000173 0 0 0 0.000000
000174 0 0 0 0.000000
000175 0 0 0 0.000000
000176 0 0 0 0.000000
000177 0 0 0 0.000000
000178 0 0 0 0.000000
000179 0 0 0 0.000000
000180 0 0 0 0.000000
000181 0 0 0 0.000000
000182 0 0 0 0.000000
000183 0 0 0 0.000000
000184 0 0 1 0.000000
000185 0 0 0 0.000000
000186 0 0 0 0.000000
000187 0 0 0 0.000000
000188 0 0 0 0.000000
000189 0 0 0 0.000000
000190 0 0 0 0.000000
000191 0 0 0 0.000000
000192 0 0 0 0.000000
000193 0 0 0 0.000000
000194 0 0 0 0.000000
000195 0 0 0 0.000000
000196 0 0 0 0.000000
000197 0 0 0 0.000000
000198 0 0 0 0.000000
000199 0 0 0 0.000000
000200 0 0 0 0.000000
000201 0 0 0 0.000000
000202 0 0 0 0.000000
000203 0 0 0 0.000000
000204 0 0 0 0.000000
000205 0 0 0 0.000000
000206 0 0 0 0.000000
000207 0 0 0 0.000000
000208 0 0 0 0.000000
000209 0 0 1 0.000000
000210 1 0 1 0.000000
000211 1 1 1 0.458853
000212 1 1 0 0.921025
000213 1 0 0 0.000000
000214 1 0 1 0.000000
000215 1 0 0 0.000000
000216 1 0 0 0.000000
000217 1 0 1 0.102608
000218 1 0 1 0.090537
000219 1 0 1 0.072575
000220 1 0 0 0.000000
000221 1 0 0 0.000000
000222 1 0 0 0.000000
000223 1 0 0 0.000000
000224 1 0 0 0.000000
000225 1 1 0 0.646810
000226 1 1 0 0.657172
000227 1 1 0 0.650124
000228 1 1 0 0.609998
000229 1 1 0 0.620496
000230 1 1 0 0.651497
000231 1 1 0 0.773548
000232 1 1 0 0.805999
000233 1 1 0 0.753013
000234 1 1 0 0.733214
000235 1 1 0 0.791245
000236 1 1 0 0.822285
000237 1 1 0 0.764471
000238 1 1 0 0.915885
000239 1 1 0 0.830711
000240 1 1 0 0.918892
000241 1 1 0 0.806482
000242 1 1 0 0.837983
000243 1 1 0 0.753102
000244 1 1 0 0.784500
000245 1 1 0 0.763977
000246 1 1 0 0.749761
000247 1 1 0 0.904840
000248 1 1 0 0.867904
000249 1 1 0 0.813645
000250 1 1 0 0.860518
000251 1 0 0 0.000000
000252 1 1 0 0.682570
000253 1 0 0 0.000000
000254 1 0 0 0.000000
000255 1 1 0 0.885133
000256 1 1 0 0.871511
000257 1 1 0 0.840762
000258 1 1 0 0.814391
000259 1 1 0 0.845138
000260 1 1 0 0.812079
000261 1 1 0 0.709746
000262 1 1 0 0.704827
000263 1 0 0 0.000000
000264 1 0 0 0.000000
000265 1 0 0 0.000000
000266 1 0 0 0.000000
000267 1 0 0 0.000000
000268 1 0 0 0.000000
000269 1 1 0 0.884026
000270 1 1 0 0.834211
000271 1 1 0 0.829551
000272 1 1 0 0.845412
000273 1 1 0 0.744953
000274 1 1 0 0.817287
000275 1 1 0 0.783522
000276 1 1 0 0.774255
000277 1 1 0 0.788855
000278 1 1 0 0.760249
000279 1 1 0 0.708486
000280 1 1 0 0.677217
000281 1 1 0 0.759026
000282 1 1 0 0.787035
000283 1 1 0 0.811235
000284 1 1 0 0.772603
000285 1 1 0 0.836055
000286 1 1 0 0.883424
000287 1 1 0 0.734581
000288 1 1 0 0.764813
000289 1 1 0 0.803050
000290 1 1 0 0.822531
000291 1 1 0 0.739279
000292 1 1 0 0.821468
000293 1 1 0 0.770462
000294 1 1 0 0.782564
000295 1 1 0 0.791164
000296 1 0 0 0.000000
000297 1 0 0 0.000000
000298 1 0 0 0.000000
000299 1 1 0 0.882728
000300 1 1 0 0.894883
000301 1 1 0 0.807632
000302 1 1 0 0.798853
000303 1 1 0 0.910822
000304 1 1 0 0.899471
000305 1 1 0 0.853914
000306 1 1 0 0.923438
000307 1 1 0 0.831105
000308 1 1 0 0.841239
000309 1 0 0 0.000000
000310 1 0 0 0.000000
000311 1 0 0 0.000000
000312 1 0 0 0.000000
000313 1 0 0 0.000000
000314 1 0 0 0.000000
000315 1 0 0 0.000000
000316 1 0 0 0.000000
000317 1 2 0 0.754044
000318 1 1 0 0.828939
000319 1 1 0 0.821058
000320 1 1 0 0.838262
000321 1 1 0 0.821314
000322 1 1 0 0.877858
000323 1 1 0 0.773850
000324 1 1 0 0.832300
000325 1 1 0 0.750607
000326 1 1 0 0.773850
000327 1 1 0 0.723162
000328 1 1 0 0.752923
000329 1 1 0 0.695175
000330 1 1 0 0.673164
000331 1 0 0 0.000000
000332 1 0 0 0.000000
000333 1 0 0 0.000000
000334 1 0 0 0.000000
000335 1 0 0 0.000000
000336 1 0 0 0.000000
000337 1 0 0 0.000000
000338 1 0 0 0.000000
000339 1 0 0 0.000000
000340 1 0 0 0.000000
000341 1 0 0 0.000000
000342 1 0 0 0.000000
000343 1 0 0 0.000000
000344 1 0 0 0.000000
000345 1 0 0 0.000000
000346 1 0 0 0.000000
000347 1 0 0 0.000000
000348 1 0 0 0.000000
000349 1 0 0 0.000000
000350 1 0 0 0.000000
000351 1 0 0 0.000000
000352 1 0 1 0.000000
000353 1 0 0 0.000000
000354 0 0 0 0.000000
000355 0 0 0 0.000000
000356 0 0 0 0.000000
000357 0 0 0 0.000000
000358 0 0 0 0.000000
000359 0 0 0 0.000000
000360 0 0 0 0.000000
