000001 0 0 1 0.000000
000002 0 0 0 0.000000
000003 0 0 0 0.000000
000004 0 0 0 0.000000
000005 0 0 0 0.000000
000006 0 0 0 0.000000
000007 0 0 0 0.000000
000008 0 0 0 0.000000
000009 0 0 0 0.000000
000010 0 0 0 0.000000
000011 0 0 0 0.000000
000012 0 0 0 0.000000
000013 0 0 0 0.000000
000014 0 0 0 0.000000
000015 0 0 0 0.000000
000016 0 0 0 0.000000
000017 0 0 0 0.000000
000018 0 0 0 0.000000
000019 0 0 0 0.000000
000020 0 0 0 0.000000
000021 0 0 0 0.000000
000022 0 0 0 0.000000
000023 0 0 0 0.000000
000024 0 0 0 0.000000
000025 0 0 0 0.000000
000026 0 0 0 0.000000
000027 0 0 0 0.000000
000028 0 0 0 0.000000
000029 0 0 0 0.000000
000030 0 0 0 0.000000
000031 0 0 0 0.000000
000032 0 0 0 0.000000
000033 0 0 0 0.000000
000034 0 0 0 0.000000
000035 0 0 0 0.000000
000036 0 0 0 0.000000
000037 0 0 0 0.000000
000038 0 0 0 0.000000
000039 0 0 0 0.000000
000040 0 0 0 0.000000
000041 0 0 0 0.000000
000042 0 0 0 0.000000
000043 0 0 0 0.000000
000044 0 0 0 0.000000
000045 0 0 0 0.000000
000046 0 0 0 0.000000
000047 0 0 0 0.000000
000048 0 0 0 0.000000
000049 0 0 0 0.000000
000050 0 0 0 0.000000
000051 0 0 0 0.000000
000052 0 0 0 0.000000
000053 0 0 0 0.000000
000054 0 0 0 0.000000
000055 0 0 0 0.000000
000056 0 0 0 0.000000
000057 0 0 0 0.000000
000058 0 0 0 0.000000
000059 0 0 0 0.000000
000060 0 0 0 0.000000
000061 0 0 0 0.000000
000062 0 0 0 0.000000
000063 0 0 0 0.000000
000064 0 0 0 0.000000
000065 0 0 0 0.000000
000066 0 0 0 0.000000
000067 0 0 0 0.000000
000068 0 0 0 0.000000
000069 0 0 0 0.000000
000070 0 0 0 0.000000
000071 0 0 0 0.000000
000072 0 0 0 0.000000
000073 0 0 0 0.000000
000074 0 0 0 0.000000
000075 0 0 0 0.000000
000076 0 0 0 0.000000
000077 0 0 0 0.000000
000078 0 0 0 0.000000
000079 0 0 0 0.000000
000080 0 0 0 0.000000
000081 0 0 0 0.000000
000082 0 0 0 0.000000
000083 0 0 0 0.000000
000084 0 0 0 0.000000
000085 0 0 0 0.000000
000086 0 0 0 0.000000
000087 0 0 0 0.000000
000088 0 0 0 0.000000
000089 0 0 0 0.000000
000090 0 0 0 0.000000
000091 0 0 0 0.000000
000092 0 0 0 0.000000
000093 0 0 0 0.000000
000094 0 0 0 0.000000
000095 0 0 0 0.000000
000096 0 0 0 0.000000
000097 0 0 0 0.000000
000098 0 0 0 0.000000
000099 0 0 0 0.000000
000100 0 0 0 0.000000
000101 0 0 0 0.000000
000102 0 0 0 0.000000
000103 0 0 0 0.000000
000104 0 0 0 0.000000
000105 0 0 0 0.000000
000106 0 0 0 0.000000
000107 0 0 0 0.000000
000108 0 0 0 0.000000
000109 0 0 0 0.000000
000110 0 0 0 0.000000
000111 0 0 0 0.000000
000112 0 0 0 0.000000
000113 0 0 0 0.000000
000114 0 0 0 0.000000
000115 0 0 1 0.000000
000116 0 0 0 0.000000
000117 0 0 0 0.000000
000118 0 0 0 0.000000
000119 0 0 0 0.000000
000120 0 0 0 0.000000
000121 0 0 0 0.000000
000122 0 0 0 0.000000
000123 0 0 0 0.000000
000124 0 0 0 0.000000
000125 0 0 0 0.000000
000126 0 0 0 0.000000
000127 0 0 0 0.000000
000128 0 0 0 0.000000
000129 0 0 0 0.000000
000130 0 0 0 0.000000
000131 0 0 0 0.000000
000132 0 0 0 0.000000
000133 0 0 0 0.000000
000134 0 0 0 0.000000
000135 0 0 0 0.000000
000136 0 0 0 0.000000
000137 0 0 0 0.000000
000138 0 0 0 0.000000
000139 0 0 0 0.000000
000140 0 0 0 0.000000
000141 0 0 0 0.000000
000142 0 0 0 0.000000
000143 0 0 0 0.000000
000144 0 0 0 0.000000
000145 0 0 0 0.000000
000146 0 0 0 0.000000
000147 0 0 0 0.000000
000148 0 0 0 0.000000
000149 0 0 0 0.000000
000150 0 0 0 0.000000
000151 0 0 0 0.000000
000152 0 0 0 0.000000
000153 0 0 0 0.000000
000154 0 0 0 0.000000
000155 0 0 0 0.000000
000156 0 0 0 0.000000
000157 0 0 0 0.000000
000158 0 0 0 0.000000
000159 0 0 0 0.000000
000160 0 0 0 0.000000
000161 0 0 0 0.000000
000162 0 0 0 0.000000
000163 0 0 0 0.000000
000164 0 0 0 0.000000
000165 0 0 0 0.000000
000166 0 0 0 0.000000
000167 0 0 0 0.000000
000168 0 0 0 0.000000
000169 0 0 0 0.000000
000170 0 0 0 0.000000
000171 0 0 0 0.000000
000172 0 0 0 0.000000
000173 0 0 0 0.000000
000174 0 0 0 0.000000
000175 1 0 0 0.000000
000176 1 0 0 0.000000
000177 1 0 0 0.000000
000178 1 1 0 0.788321
000179 1 1 0 0.783228
000180 1 0 0 0.000000
000181 1 0 0 0.000000
000182 1 0 0 0.000000
000183 1 0 0 0.000000
000184 1 0 0 0.000000
000185 1 0 0 0.000000
000186 1 1 0 0.721807
000187 1 0 0 0.000000
000188 1 1 0 0.779318
000189 1 1 0 0.773734
000190 1 1 0 0.783800
000191 1 1 0 0.784211
000192 1 1 0 0.782962
000193 1 1 0 0.743176
000194 1 1 0 0.821776
000195 1 1 0 0.862044
000196 1 1 0 0.803096
000197 1 1 0 0.779560
000198 1 1 0 0.784992
000199 1 1 0 0.808830
000200 1 0 0 0.000000
000201 1 0 0 0.000000
000202 1 0 0 0.000000
000203 1 0 0 0.000000
000204 1 0 0 0.000000
000205 1 0 0 0.000000
000206 1 1 0 0.848425
000207 1 1 0 0.756664
000208 1 1 0 0.819350
000209 1 1 0 0.845584
000210 1 1 0 0.852617
000211 2 1 0 0.861573
000212 2 2 0 0.880359
000213 2 1 0 0.784095
000214 2 1 0 0.801864
000215 2 2 0 0.859625
000216 2 2 0 0.824895
000217 2 2 0 0.816462
000218 2 2 0 0.736811
000219 2 2 0 0.790729
000220 2 2 0 0.812777
000221 2 2 0 0.804624
000222 2 1 0 0.916004
000223 2 1 0 0.909978
000224 2 1 0 0.808111
000225 2 1 0 0.790899
000226 2 1 0 0.826183
000227 2 1 0 0.829320
000228 2 2 0 0.787785
000229 2 2 0 0.812187
000230 2 2 0 0.792727
000231 2 2 0 0.822096
000232 2 2 0 0.888120
000233 2 2 0 0.882987
000234 2 2 0 0.876710
000235 2 2 0 0.872142
000236 2 2 0 0.860320
000237 2 2 0 0.843311
000238 2 2 0 0.793831
000239 2 2 0 0.817054
000240 2 1 0 0.823554
000241 2 2 0 0.758893
000242 2 1 0 0.758624
000243 2 1 0 0.766635
000244 2 2 0 0.798511
000245 2 2 0 0.813545
000246 2 1 0 0.837115
000247 2 2 0 0.870388
000248 2 1 0 0.852116
000249 2 2 0 0.690762
000250 2 1 0 0.782980
000251 2 1 0 0.786085
000252 2 2 0 0.714766
000253 2 1 0 0.802060
000254 2 2 0 0.752754
000255 2 2 0 0.721374
000256 2 2 0 0.777249
000257 2 2 0 0.761811
000258 2 2 0 0.732308
000259 2 2 0 0.723668
000260 2 2 0 0.705359
000261 2 2 0 0.798834
000262 2 2 0 0.785293
000263 2 1 0 0.862320
000264 2 1 0 0.799717
000265 2 1 0 0.726822
000266 2 2 0 0.836383
000267 2 2 0 0.764029
000268 2 2 0 0.811879
000269 2 2 0 0.808622
000270 2 2 0 0.870991
000271 2 2 0 0.867233
000272 2 2 0 0.912290
000273 2 2 0 0.841433
000274 2 2 0 0.853191
000275 2 2 0 0.805384
000276 2 2 0 0.800029
000277 2 2 0 0.836540
000278 2 2 0 0.748449
000279 2 1 0 0.826421
000280 2 2 0 0.749463
000281 2 2 0 0.720005
000282 2 3 1 0.590103
000283 2 2 0 0.901857
000284 2 2 0 0.852428
000285 2 2 0 0.839351
000286 2 2 0 0.853739
000287 2 2 0 0.828342
000288 2 2 0 0.793912
000289 2 2 0 0.718471
000290 2 2 0 0.785118
000291 2 2 0 0.825522
000292 2 2 0 0.816603
000293 2 2 0 0.904630
000294 2 2 0 0.790964
000295 2 2 0 0.804822
000296 2 2 0 0.893501
000297 2 2 0 0.862570
000298 2 2 0 0.855977
000299 2 2 0 0.885206
000300 2 2 0 0.780336
000301 2 2 0 0.847757
000302 2 2 0 0.775098
000303 2 1 0 0.851073
000304 2 2 0 0.746889
000305 2 2 0 0.758627
000306 2 2 0 0.793815
000307 2 2 0 0.803850
000308 2 2 0 0.871986
000309 2 2 0 0.846493
000310 2 2 0 0.869543
000311 2 2 0 0.878967
000312 2 2 0 0.876134
000313 2 2 0 0.915694
000314 2 2 0 0.813188
000315 2 1 0 0.811589
000316 2 2 0 0.792670
000317 2 2 0 0.817982
000318 2 1 0 0.759574
000319 2 1 0 0.761864
000320 2 1 0 0.826500
000321 2 2 0 0.877171
000322 2 2 0 0.911085
000323 2 2 0 0.923882
000324 2 2 0 0.884135
000325 2 2 0 0.883573
000326 2 2 0 0.842263
000327 2 2 0 0.869639
000328 2 1 0 0.838006
000329 2 2 0 0.878899
000330 2 2 0 0.835542
000331 2 2 0 0.855055
000332 2 2 0 0.878954
000333 2 2 0 0.879088
000334 2 2 0 0.914246
000335 2 2 0 0.926682
000336 2 2 0 0.853435
000337 2 2 0 0.921044
000338 2 2 0 0.848907
000339 2 2 0 0.905313
000340 2 2 0 0.868365
000341 2 2 0 0.893857
000342 2 2 0 0.838206
000343 2 2 0 0.845561
000344 2 2 0 0.837934
000345 2 2 0 0.866121
000346 2 2 0 0.768925
000347 2 2 0 0.844111
000348 2 2 0 0.794573
000349 2 2 0 0.821127
000350 2 2 0 0.814682
000351 2 2 0 0.832777
000352 2 2 0 0.840456
000353 2 2 0 0.850923
000354 2 2 0 0.792028
000355 2 1 0 0.829563
000356 2 1 0 0.849070
000357 2 1 0 0.832064
000358 2 2 0 0.780736
000359 2 2 0 0.865943
000360 2 2 0 0.797240
000361 2 2 0 0.911437
000362 2 2 0 0.879436
000363 2 2 0 0.835220
000364 2 2 0 0.857531
000365 2 2 0 0.874297
000366 2 2 0 0.827991
000367 2 2 0 0.834358
000368 2 2 0 0.913346
000369 2 2 0 0.873570
000370 2 2 0 0.848917
000371 2 2 0 0.848443
000372 2 2 0 0.906172
000373 2 2 0 0.856244
000374 2 2 0 0.859217
000375 2 2 0 0.797496
000376 2 2 0 0.831546
000377 2 2 0 0.909141
000378 2 2 0 0.875240
000379 2 2 0 0.848813
000380 2 2 0 0.887497
000381 2 2 0 0.869908
000382 2 2 0 0.858632
000383 2 2 0 0.885378
000384 2 2 0 0.855936
000385 2 2 0 0.888240
000386 2 2 0 0.905132
000387 2 2 0 0.889117
000388 2 2 0 0.897608
000389 2 2 0 0.868839
000390 2 2 0 0.861870
000391 2 2 0 0.874544
000392 2 2 0 0.821492
000393 2 2 0 0.842499
000394 2 2 0 0.870339
000395 2 2 0 0.866131
000396 2 2 0 0.873248
000397 2 2 0 0.857803
000398 2 2 0 0.838612
000399 2 2 0 0.794935
000400 2 2 0 0.811489
000401 2 2 0 0.779495
000402 2 2 0 0.803527
000403 2 2 0 0.849216
000404 2 2 0 0.833777
000405 2 2 0 0.885342
000406 2 2 0 0.779495
000407 2 2 0 0.801911
000408 2 2 0 0.784208
000409 2 2 0 0.800578
000410 2 2 0 0.805050
000411 2 2 0 0.819272
000412 2 2 0 0.828385
000413 2 2 0 0.814845
000414 2 2 0 0.818256
000415 2 2 0 0.797993
000416 2 2 0 0.776567
000417 2 2 0 0.799843
000418 2 2 0 0.760035
000419 2 2 0 0.771166
000420 2 2 0 0.761188
000421 2 2 0 0.781454
000422 2 2 0 0.762464
000423 2 2 0 0.821691
000424 2 2 1 0.517520
000425 2 2 0 0.758098
000426 2 2 0 0.788851
000427 2 2 0 0.792984
000428 2 1 0 0.735807
000429 2 1 0 0.768270
000430 2 1 0 0.776083
000431 2 1 0 0.766861
000432 2 0 0 0.000000
000433 2 1 0 0.842318
000434 2 1 0 0.746131
000435 2 1 0 0.762089
000436 2 0 0 0.000000
000437 2 1 0 0.738501
000438 2 0 0 0.000000
000439 2 0 0 0.000000
000440 1 0 0 0.000000
000441 1 1 0 0.627644
000442 1 0 0 0.000000
000443 1 0 0 0.000000
000444 1 0 0 0.000000
000445 1 0 0 0.000000
000446 1 0 0 0.000000
000447 1 0 0 0.000000
000448 1 1 0 0.498522
000449 1 1 0 0.447941
000450 1 0 0 0.000000
000451 1 1 0 0.508032
000452 1 1 0 0.530398
000453 1 1 0 0.508048
000454 1 1 0 0.512170
000455 1 0 0 0.000000
000456 1 0 0 0.000000
000457 1 0 0 0.000000
000458 1 0 0 0.000000
000459 1 0 0 0.000000
000460 1 1 0 0.516254
000461 1 0 0 0.000000
000462 1 0 0 0.000000
000463 1 0 0 0.000000
000464 1 0 0 0.000000
000465 1 0 0 0.000000
000466 1 0 0 0.000000
000467 1 0 0 0.000000
000468 1 0 0 0.000000
000469 1 0 0 0.000000
000470 1 0 0 0.000000
000471 1 0 0 0.000000
000472 1 0 0 0.000000
000473 1 0 0 0.000000
000474 1 0 0 0.000000
000475 1 1 0 0.637145
000476 1 0 0 0.000000
000477 1 1 0 0.678272
000478 1 0 0 0.000000
000479 1 0 0 0.000000
000480 1 0 0 0.000000
000481 1 0 0 0.000000
000482 1 0 0 0.000000
000483 1 0 0 0.000000
000484 1 0 0 0.000000
000485 1 0 0 0.000000
000486 1 1 0 0.608037
000487 1 0 0 0.000000
000488 1 0 0 0.000000
000489 1 0 0 0.000000
000490 1 1 0 0.554492
000491 1 0 0 0.000000
000492 1 1 0 0.575043
000493 1 1 0 0.566426
000494 1 2 0 0.490393
000495 1 1 0 0.615075
000496 1 1 0 0.620489
000497 1 1 0 0.621281
000498 1 1 0 0.621281
000499 1 2 0 0.500207
000500 1 2 0 0.458314
000501 1 2 0 0.489135
000502 1 1 1 0.527955
000503 1 1 1 0.500307
000504 1 1 1 0.489240
000505 2 1 1 0.496974
000506 2 2 1 0.521342
000507 2 2 0 0.757068
000508 2 2 0 0.778210
000509 2 2 0 0.782182
000510 2 2 0 0.747503
000511 2 2 0 0.670167
000512 2 2 0 0.715733
000513 2 2 0 0.695387
000514 2 2 0 0.709871
000515 2 2 0 0.683607
000516 2 2 0 0.714087
000517 2 2 0 0.728955
000518 2 2 0 0.675138
000519 2 2 0 0.679441
000520 2 2 0 0.705074
000521 2 2 0 0.737524
000522 2 2 0 0.702202
000523 2 2 0 0.720567
000524 2 2 0 0.712436
000525 2 2 0 0.700282
000526 2 2 0 0.693371
000527 2 2 0 0.718351
000528 2 2 0 0.748987
000529 2 2 0 0.730339
000530 2 2 0 0.731570
000531 2 2 0 0.766655
000532 2 2 0 0.716657
000533 2 2 0 0.752437
000534 2 2 1 0.548801
000535 2 2 0 0.725676
000536 2 2 0 0.744528
000537 2 2 0 0.755538
000538 2 2 0 0.740190
000539 2 2 1 0.542643
000540 2 2 0 0.753825
000541 2 2 0 0.683343
000542 2 2 0 0.688179
000543 2 2 0 0.756197
000544 2 2 0 0.743467
000545 2 2 0 0.767921
000546 2 2 0 0.736986
000547 2 2 0 0.772729
000548 2 2 0 0.705281
000549 2 2 0 0.789103
000550 2 2 0 0.751424
000551 2 2 0 0.781636
000552 2 2 0 0.765098
000553 2 2 0 0.783325
000554 2 2 0 0.747429
000555 2 2 0 0.783663
000556 2 2 0 0.773607
000557 2 2 0 0.758038
000558 2 2 0 0.713695
000559 2 2 0 0.733400
000560 2 2 0 0.697723
000561 2 2 0 0.688521
000562 2 2 0 0.710842
000563 2 2 0 0.695344
000564 2 2 0 0.779236
000565 2 2 0 0.771983
000566 2 2 0 0.743209
000567 2 2 0 0.723979
000568 2 2 0 0.748094
000569 2 2 0 0.774393
000570 2 2 0 0.735571
000571 2 2 0 0.756612
000572 2 2 0 0.732521
000573 2 2 0 0.727773
000574 2 1 0 0.700312
000575 2 2 0 0.714920
000576 2 2 0 0.745153
000577 2 2 0 0.710020
000578 2 2 0 0.715803
000579 2 2 0 0.697472
000580 2 2 0 0.699665
000581 2 2 0 0.719912
000582 2 2 0 0.680550
000583 2 2 0 0.712964
000584 2 2 0 0.685231
000585 2 2 0 0.698718
000586 2 2 1 0.461286
000587 2 2 0 0.703517
000588 2 2 0 0.724456
000589 2 2 1 0.533922
000590 2 2 0 0.690044
000591 2 2 0 0.775575
000592 2 2 0 0.768672
000593 2 2 0 0.771855
000594 2 1 0 0.652576
000595 2 2 0 0.789319
000596 2 2 0 0.708595
000597 2 2 0 0.772892
000598 2 2 0 0.726735
000599 2 2 0 0.729945
000600 2 2 0 0.731118
000601 2 2 0 0.756556
000602 2 2 0 0.776916
000603 2 2 0 0.741734
000604 2 2 0 0.757390
000605 2 2 0 0.741697
000606 2 2 0 0.734321
000607 2 2 0 0.788089
000608 2 2 0 0.771667
000609 2 2 0 0.802467
000610 2 2 0 0.782439
000611 2 2 0 0.840668
000612 2 2 0 0.771377
000613 2 2 0 0.767105
000614 2 2 0 0.732663
000615 2 2 0 0.725186
000616 2 2 0 0.657643
000617 2 2 0 0.616964
000618 2 2 0 0.667083
000619 2 2 0 0.659129
000620 2 2 0 0.612342
000621 2 2 0 0.605121
000622 2 2 0 0.610343
000623 2 2 0 0.612029
000624 2 2 0 0.698459
000625 2 2 0 0.716641
000626 2 1 0 0.881119
000627 2 2 0 0.801636
000628 2 1 0 0.814149
000629 2 1 0 0.805701
000630 2 2 0 0.643807
000631 2 2 0 0.674030
000632 2 2 0 0.721725
000633 2 2 0 0.715725
000634 2 2 0 0.695321
000635 2 2 0 0.622751
000636 2 2 0 0.675465
000637 2 2 0 0.675537
000638 2 2 0 0.645134
000639 2 2 0 0.644567
000640 2 2 0 0.669609
000641 2 2 0 0.641288
000642 2 2 1 0.438918
000643 2 2 0 0.612593
000644 2 2 1 0.468884
000645 2 2 1 0.432992
000646 2 2 1 0.459233
000647 2 2 2 0.352763
000648 2 1 1 0.400226
000649 2 2 1 0.430568
000650 2 2 1 0.401942
000651 2 2 1 0.451353
000652 2 2 1 0.405413
000653 2 2 2 0.313397
000654 2 2 0 0.529718
000655 2 2 1 0.436837
000656 2 1 1 0.411703
000657 2 2 0 0.542529
000658 2 2 0 0.558980
000659 2 2 0 0.575032
000660 2 2 0 0.559872
000661 2 2 1 0.399040
000662 2 2 0 0.562485
000663 2 2 0 0.553523
000664 2 2 1 0.420317
000665 2 1 0 0.862349
000666 2 1 1 0.562329
000667 2 2 0 0.555162
000668 2 2 0 0.550293
000669 2 2 0 0.557207
000670 2 1 0 0.831795
000671 2 1 0 0.831795
000672 2 2 0 0.687093
000673 2 2 0 0.655260
000674 2 2 0 0.666711
000675 2 2 0 0.630415
000676 2 2 0 0.645148
000677 2 2 0 0.630341
000678 2 2 0 0.601288
000679 2 2 0 0.625647
000680 2 2 0 0.589942
000681 2 2 0 0.586328
000682 2 2 0 0.555916
000683 2 2 0 0.533340
000684 2 2 0 0.559006
000685 2 2 0 0.560201
000686 2 2 0 0.784611
000687 2 1 0 0.774645
000688 2 1 0 0.735933
000689 2 1 0 0.783078
000690 2 1 0 0.773570
000691 2 1 0 0.840735
000692 2 2 0 0.566942
000693 2 2 0 0.579887
000694 2 2 0 0.649095
000695 2 2 0 0.570501
000696 2 2 0 0.573937
000697 2 2 0 0.593996
000698 2 2 0 0.529953
000699 2 2 0 0.583151
000700 2 2 0 0.589976
000701 2 2 0 0.597655
000702 2 2 0 0.611984
000703 2 2 0 0.651554
000704 2 2 0 0.576142
000705 2 2 0 0.604257
000706 2 2 0 0.644617
000707 2 2 0 0.639377
000708 2 2 0 0.704567
000709 2 2 0 0.622008
000710 2 2 0 0.598579
000711 2 2 0 0.569399
000712 2 2 0 0.604649
000713 2 2 0 0.583109
000714 2 2 0 0.574281
000715 2 2 0 0.557409
000716 2 1 0 0.409803
000717 2 2 0 0.483032
000718 2 1 0 0.529992
000719 2 1 0 0.469835
000720 2 1 0 0.675477
000721 2 1 0 0.630294
000722 2 0 0 0.000000
000723 2 1 0 0.683475
000724 2 0 0 0.000000
000725 2 0 0 0.000000
000726 2 0 0 0.000000
000727 2 0 0 0.000000
000728 1 0 0 0.000000
000729 1 0 0 0.000000
000730 1 0 0 0.000000
000731 1 0 0 0.000000
000732 1 1 0 0.932247
000733 1 1 0 0.850892
000734 1 1 0 0.869446
000735 1 1 0 0.827084
000736 1 1 0 0.744223
000737 1 1 0 0.809899
000738 1 1 0 0.744139
000739 1 1 0 0.697897
000740 1 1 0 0.756930
000741 1 1 0 0.761843
000742 1 0 0 0.000000
000743 1 1 0 0.823647
000744 1 1 0 0.836245
000745 1 0 0 0.000000
000746 1 1 0 0.849360
000747 1 1 0 0.902721
000748 1 1 0 0.910567
000749 1 1 0 0.894862
000750 1 1 0 0.880380
000751 1 1 0 0.956123
000752 1 1 0 1.028319
000753 1 1 0 1.001054
000754 1 1 0 0.914244
000755 1 1 0 0.877336
000756 1 0 0 0.000000
000757 1 0 0 0.000000
000758 1 0 0 0.000000
000759 1 0 0 0.000000
000760 1 0 0 0.000000
000761 1 0 0 0.000000
000762 1 1 0 0.931627
000763 1 1 0 0.935290
000764 1 1 0 0.950143
000765 1 1 1 0.491516
000766 1 1 1 0.444685
000767 1 1 0 0.880170
000768 1 0 2 0.055021
000769 1 0 0 0.000000
000770 1 1 1 0.518226
000771 1 1 1 0.520051
000772 1 1 1 0.516505
000773 1 1 1 0.517376
000774 1 1 0 0.943867
000775 1 1 0 0.847140
000776 1 1 0 0.898950
000777 1 1 0 0.869447
000778 1 1 1 0.481666
000779 1 1 1 0.510433
000780 1 1 0 0.771811
000781 1 1 0 0.853588
000782 1 1 0 0.731262
000783 1 1 1 0.453711
000784 1 1 0 0.964676
000785 1 1 0 1.102721
000786 1 1 0 0.977963
000787 1 1 0 0.928002
000788 1 1 1 0.518602
000789 1 1 1 0.549708
000790 1 1 0 0.940800
000791 1 1 0 0.971233
000792 1 1 0 0.883286
000793 1 1 0 0.947486
000794 1 1 0 0.825544
000795 1 1 0 0.889470
000796 1 1 0 0.699465
000797 1 1 0 0.859020
000798 1 1 0 0.879391
000799 1 1 0 1.019555
000800 1 1 0 0.888582
000801 1 1 0 0.869214
000802 1 1 0 0.907495
000803 1 1 0 0.861404
000804 1 1 0 0.956190
000805 1 1 0 0.873807
000806 1 1 0 0.806012
000807 1 1 0 0.715409
000808 1 1 0 0.858155
000809 1 1 0 0.780941
000810 1 1 0 0.877594
000811 1 1 0 0.815098
000812 1 0 0 0.000000
000813 1 1 0 0.947486
000814 1 1 0 0.968423
000815 1 1 0 0.942417
000816 1 1 0 0.712038
000817 1 1 0 0.654038
000818 1 0 0 0.000000
000819 1 0 0 0.000000
000820 1 0 0 0.000000
000821 1 0 0 0.000000
000822 1 0 0 0.000000
000823 1 1 0 0.851742
000824 1 0 0 0.000000
000825 1 1 0 0.882264
000826 1 1 0 1.076871
000827 1 1 1 0.447577
000828 1 1 0 0.828497
000829 1 1 0 0.828497
000830 1 1 0 0.882264
000831 1 1 0 0.828497
000832 1 1 0 0.639701
000833 1 1 0 0.873843
000834 1 1 0 0.702296
000835 1 0 0 0.000000
000836 1 0 0 0.000000
000837 1 0 0 0.000000
000838 1 0 0 0.000000
000839 1 0 0 0.000000
000840 1 0 0 0.000000
000841 1 0 0 0.000000
000842 1 0 0 0.000000
000843 1 0 0 0.000000
000844 1 0 0 0.000000
000845 1 0 0 0.000000
000846 1 0 0 0.000000
000847 1 0 0 0.000000
000848 1 0 0 0.000000
000849 0 0 0 0.000000
000850 0 0 0 0.000000
