000001 0 0 0 0.000000
000002 0 0 0 0.000000
000003 0 0 0 0.000000
000004 0 0 0 0.000000
000005 0 0 0 0.000000
000006 0 0 0 0.000000
000007 0 0 0 0.000000
000008 0 0 0 0.000000
000009 0 0 0 0.000000
000010 0 0 0 0.000000
000011 0 0 0 0.000000
000012 0 0 0 0.000000
000013 0 0 0 0.000000
000014 0 0 0 0.000000
000015 0 0 0 0.000000
000016 0 0 0 0.000000
000017 0 0 0 0.000000
000018 0 0 0 0.000000
000019 0 0 0 0.000000
000020 0 0 0 0.000000
000021 0 0 0 0.000000
000022 0 0 0 0.000000
000023 0 0 0 0.000000
000024 0 0 0 0.000000
000025 0 0 1 0.000000
000026 0 0 0 0.000000
000027 0 0 0 0.000000
000028 0 0 0 0.000000
000029 0 0 0 0.000000
000030 0 0 0 0.000000
000031 0 0 0 0.000000
000032 0 0 0 0.000000
000033 0 0 0 0.000000
000034 0 0 0 0.000000
000035 0 0 0 0.000000
000036 0 0 0 0.000000
000037 0 0 0 0.000000
000038 0 0 0 0.000000
000039 0 0 0 0.000000
000040 0 0 0 0.000000
000041 0 0 0 0.000000
000042 0 0 0 0.000000
000043 0 0 0 0.000000
000044 0 0 0 0.000000
000045 0 0 0 0.000000
000046 0 0 0 0.000000
000047 0 0 1 0.000000
000048 0 0 0 0.000000
000049 0 0 0 0.000000
000050 0 0 0 0.000000
000051 0 0 0 0.000000
000052 0 0 0 0.000000
000053 0 0 0 0.000000
000054 0 0 0 0.000000
000055 0 0 0 0.000000
000056 0 0 0 0.000000
000057 0 0 0 0.000000
000058 0 0 0 0.000000
000059 0 0 0 0.000000
000060 0 0 0 0.000000
000061 0 0 0 0.000000
000062 0 0 0 0.000000
000063 0 0 1 0.000000
000064 0 0 0 0.000000
000065 0 0 0 0.000000
000066 0 0 0 0.000000
000067 0 0 0 0.000000
000068 0 0 0 0.000000
000069 0 0 0 0.000000
000070 0 0 0 0.000000
000071 0 0 0 0.000000
000072 0 0 1 0.000000
000073 0 0 0 0.000000
000074 0 0 0 0.000000
000075 0 0 0 0.000000
000076 0 0 0 0.000000
000077 0 0 0 0.000000
000078 0 0 0 0.000000
000079 0 0 0 0.000000
000080 0 0 0 0.000000
000081 0 0 0 0.000000
000082 0 0 0 0.000000
000083 0 0 0 0.000000
000084 0 0 0 0.000000
000085 0 0 0 0.000000
000086 0 0 0 0.000000
000087 0 0 0 0.000000
000088 0 0 0 0.000000
000089 0 0 0 0.000000
000090 0 0 0 0.000000
000091 0 0 0 0.000000
000092 0 0 0 0.000000
000093 0 0 0 0.000000
000094 0 0 0 0.000000
000095 0 0 0 0.000000
000096 0 0 0 0.000000
000097 0 0 0 0.000000
000098 0 0 0 0.000000
000099 0 0 0 0.000000
000100 0 0 0 0.000000
000101 0 0 0 0.000000
000102 0 0 0 0.000000
000103 0 0 0 0.000000
000104 0 0 0 0.000000
000105 0 0 0 0.000000
000106 0 0 0 0.000000
000107 0 0 0 0.000000
000108 0 0 0 0.000000
000109 0 0 0 0.000000
000110 0 0 0 0.000000
000111 0 0 0 0.000000
000112 0 0 0 0.000000
000113 0 0 0 0.000000
000114 0 0 0 0.000000
000115 0 0 0 0.000000
000116 0 0 0 0.000000
000117 0 0 0 0.000000
000118 0 0 0 0.000000
000119 0 0 0 0.000000
000120 0 0 0 0.000000
000121 0 0 0 0.000000
000122 0 0 0 0.000000
000123 0 0 0 0.000000
000124 0 0 0 0.000000
000125 0 0 0 0.000000
000126 0 0 0 0.000000
000127 0 0 0 0.000000
000128 0 0 0 0.000000
000129 0 0 0 0.000000
000130 0 0 0 0.000000
000131 1 0 0 0.000000
000132 1 0 0 0.000000
000133 1 0 0 0.000000
000134 1 0 0 0.000000
000135 1 0 0 0.000000
000136 1 0 0 0.000000
000137 1 0 0 0.000000
000138 1 0 0 0.000000
000139 1 0 0 0.000000
000140 1 0 0 0.000000
000141 1 0 0 0.000000
000142 1 0 0 0.000000
000143 1 0 0 0.000000
000144 1 0 1 0.264185
000145 1 0 1 0.283086
000146 1 0 1 0.277368
000147 1 0 1 0.292562
000148 1 1 1 0.297727
000149 1 0 1 0.013855
000150 1 0 1 0.006968
000151 1 0 1 0.000000
000152 1 0 1 0.000000
000153 1 0 0 0.000000
000154 1 0 0 0.000000
000155 1 2 0 0.475657
000156 1 2 0 0.473201
000157 1 0 0 0.000000
000158 1 0 0 0.000000
000159 1 0 0 0.000000
000160 1 0 0 0.000000
000161 1 0 0 0.000000
000162 1 0 0 0.000000
000163 1 0 0 0.000000
000164 1 0 0 0.000000
000165 1 0 0 0.000000
000166 1 0 0 0.000000
000167 1 0 0 0.000000
000168 1 0 0 0.000000
000169 1 0 0 0.000000
000170 1 0 0 0.000000
000171 1 0 0 0.000000
000172 1 0 0 0.000000
000173 1 0 0 0.000000
000174 1 0 0 0.000000
000175 1 0 0 0.000000
000176 1 0 0 0.000000
000177 1 0 0 0.000000
000178 1 0 0 0.000000
000179 1 0 0 0.000000
000180 1 0 0 0.000000
000181 1 1 0 0.403690
000182 1 0 0 0.000000
000183 1 0 0 0.000000
000184 1 0 0 0.000000
000185 1 1 0 0.561341
000186 1 1 0 0.548970
000187 1 1 0 0.607022
000188 1 1 0 0.588403
000189 1 1 0 0.602640
000190 1 1 0 0.612819
000191 1 1 0 0.596831
000192 1 1 0 0.587262
000193 1 1 0 0.611494
000194 1 1 0 0.670415
000195 1 1 0 0.555676
000196 1 1 0 0.543545
000197 1 1 0 0.577068
000198 1 1 0 0.475488
000199 1 1 0 0.496472
000200 1 1 0 0.488151
000201 1 1 0 0.500344
000202 1 1 0 0.501090
000203 1 1 0 0.548970
000204 1 1 0 0.509210
000205 1 1 0 0.496158
000206 1 1 0 0.476558
000207 1 1 0 0.525543
000208 1 1 0 0.513278
000209 1 1 0 0.504139
000210 1 1 0 0.496304
000211 1 1 0 0.477964
000212 1 1 0 0.504999
000213 1 1 0 0.505167
000214 1 1 0 0.554638
000215 1 1 0 0.511731
000216 1 1 0 0.536022
000217 1 1 0 0.548895
000218 1 1 0 0.529932
000219 1 1 0 0.580746
000220 1 1 0 0.602259
000221 1 1 0 0.621749
000222 1 1 0 0.627555
000223 1 1 0 0.502420
000224 1 1 0 0.529707
000225 1 1 0 0.531084
000226 1 1 0 0.589487
000227 1 1 0 0.657691
000228 1 1 0 0.597488
000229 1 1 0 0.626942
000230 1 1 0 0.663986
000231 1 1 0 0.635284
000232 1 1 0 0.641282
000233 1 1 0 0.639258
000234 1 1 0 0.630778
000235 1 1 0 0.643463
000236 1 1 0 0.653095
000237 1 1 0 0.640060
000238 1 1 0 0.640172
000239 1 2 0 0.585009
000240 1 2 0 0.567335
000241 1 1 0 0.654104
000242 1 1 0 0.642391
000243 1 1 0 0.651770
000244 1 1 0 0.644126
000245 1 1 0 0.652629
000246 1 1 0 0.650669
000247 1 1 0 0.644179
000248 1 1 0 0.644732
000249 1 1 0 0.664802
000250 1 1 0 0.649885
000251 1 1 0 0.642202
000252 1 1 0 0.642202
000253 1 1 0 0.635974
000254 1 1 0 0.663322
000255 1 1 0 0.664670
000256 1 1 0 0.647843
000257 1 1 0 0.647843
000258 1 1 1 0.313611
000259 1 1 0 0.624396
000260 1 1 1 0.322767
000261 1 1 0 0.631127
000262 1 1 0 0.647355
000263 1 1 0 0.586128
000264 1 1 0 0.566828
000265 1 1 0 0.545401
000266 1 1 0 0.565581
000267 1 1 0 0.562897
000268 1 1 0 0.569162
000269 1 1 0 0.598713
000270 1 0 0 0.000000
000271 1 1 0 0.587519
000272 1 1 0 0.581140
000273 1 0 0 0.000000
000274 1 1 0 0.599714
000275 1 0 0 0.000000
000276 1 0 0 0.000000
000277 1 0 0 0.000000
000278 1 0 0 0.000000
000279 1 1 0 0.673724
000280 1 1 0 0.644839
000281 1 1 0 0.647231
000282 1 1 0 0.667704
000283 1 1 0 0.664513
000284 1 1 0 0.664513
000285 1 1 0 0.643268
000286 1 1 0 0.645339
000287 1 1 0 0.672843
000288 1 1 0 0.646267
000289 1 1 0 0.649527
000290 1 1 0 0.649527
000291 1 1 0 0.672154
000292 1 1 0 0.628829
000293 1 1 0 0.626330
000294 1 1 0 0.646701
000295 1 1 0 0.645724
000296 1 1 0 0.648467
000297 1 1 0 0.626936
000298 1 1 0 0.648467
000299 1 1 0 0.641979
000300 1 1 0 0.641979
000301 1 0 0 0.000000
000302 1 0 0 0.000000
000303 1 1 0 0.564821
000304 1 1 0 0.577302
000305 1 1 0 0.662668
000306 1 1 0 0.594026
000307 1 1 0 0.652133
000308 1 1 0 0.620513
000309 1 1 0 0.644038
000310 1 1 0 0.648544
000311 1 1 0 0.620401
000312 1 1 0 0.603970
000313 1 1 0 0.603973
000314 1 1 0 0.620401
000315 1 1 0 0.516460
000316 1 1 0 0.541843
000317 1 1 0 0.457392
000318 1 1 0 0.519287
000319 1 0 0 0.000000
000320 1 0 0 0.000000
000321 1 0 0 0.000000
000322 1 0 0 0.000000
000323 0 0 0 0.000000
000324 0 0 0 0.000000
000325 0 0 0 0.000000
000326 0 0 1 0.000000
000327 0 0 0 0.000000
000328 0 0 0 0.000000
000329 0 0 0 0.000000
000330 0 0 0 0.000000
000331 0 0 0 0.000000
000332 0 0 0 0.000000
000333 0 0 0 0.000000
000334 0 0 0 0.000000
000335 0 0 0 0.000000
000336 0 0 0 0.000000
000337 0 0 0 0.000000
000338 0 0 0 0.000000
000339 0 0 0 0.000000
000340 0 0 0 0.000000
000341 0 0 0 0.000000
000342 0 0 0 0.000000
000343 0 0 0 0.000000
000344 0 0 0 0.000000
000345 0 0 1 0.000000
000346 0 0 1 0.000000
000347 0 0 1 0.000000
000348 0 0 1 0.000000
000349 0 0 1 0.000000
000350 0 0 1 0.000000
000351 0 0 1 0.000000
000352 0 0 1 0.000000
000353 0 0 1 0.000000
000354 0 0 1 0.000000
000355 0 0 1 0.000000
000356 0 0 1 0.000000
000357 0 0 1 0.000000
000358 0 0 1 0.000000
000359 0 0 0 0.000000
000360 0 0 0 0.000000
000361 0 0 0 0.000000
000362 0 0 0 0.000000
000363 0 0 1 0.000000
000364 0 0 1 0.000000
000365 0 0 0 0.000000
000366 0 0 0 0.000000
000367 0 0 0 0.000000
000368 0 0 0 0.000000
000369 0 0 0 0.000000
000370 0 0 1 0.000000
000371 0 0 1 0.000000
000372 0 0 1 0.000000
000373 0 0 0 0.000000
000374 0 0 0 0.000000
000375 0 0 1 0.000000
000376 0 0 0 0.000000
000377 0 0 0 0.000000
000378 0 0 0 0.000000
000379 0 0 1 0.000000
000380 0 0 1 0.000000
000381 0 0 1 0.000000
000382 0 0 1 0.000000
000383 0 0 1 0.000000
000384 0 0 1 0.000000
000385 0 0 1 0.000000
000386 0 0 1 0.000000
000387 0 0 0 0.000000
000388 0 0 0 0.000000
000389 0 0 1 0.000000
000390 0 0 0 0.000000
000391 0 0 0 0.000000
000392 0 0 0 0.000000
000393 0 0 0 0.000000
000394 0 0 0 0.000000
000395 0 0 0 0.000000
000396 0 0 0 0.000000
000397 0 0 0 0.000000
000398 0 0 0 0.000000
000399 0 0 0 0.000000
000400 0 0 0 0.000000
000401 0 0 0 0.000000
000402 0 0 0 0.000000
000403 0 0 0 0.000000
000404 0 0 0 0.000000
000405 0 0 0 0.000000
000406 0 0 0 0.000000
000407 0 0 0 0.000000
000408 0 0 0 0.000000
000409 0 0 0 0.000000
000410 0 0 0 0.000000
000411 0 0 0 0.000000
000412 0 0 0 0.000000
000413 0 0 0 0.000000
000414 0 0 0 0.000000
000415 0 0 0 0.000000
000416 0 0 0 0.000000
000417 0 0 0 0.000000
000418 0 0 0 0.000000
000419 0 0 0 0.000000
000420 0 0 0 0.000000
000421 0 0 0 0.000000
000422 0 0 0 0.000000
000423 0 0 0 0.000000
000424 0 0 0 0.000000
000425 0 0 0 0.000000
000426 0 0 0 0.000000
000427 0 0 0 0.000000
000428 0 0 0 0.000000
000429 0 0 0 0.000000
000430 0 0 0 0.000000
000431 0 0 0 0.000000
000432 0 0 0 0.000000
000433 0 0 0 0.000000
000434 0 0 0 0.000000
000435 0 0 0 0.000000
000436 0 0 0 0.000000
000437 0 0 0 0.000000
000438 0 0 0 0.000000
000439 0 0 0 0.000000
000440 0 0 1 0.000000
000441 0 0 0 0.000000
000442 0 0 0 0.000000
000443 0 0 0 0.000000
000444 0 0 0 0.000000
000445 0 0 0 0.000000
000446 0 0 0 0.000000
000447 0 0 0 0.000000
000448 0 0 0 0.000000
000449 0 0 0 0.000000
000450 0 0 0 0.000000
000451 0 0 0 0.000000
000452 0 0 0 0.000000
000453 0 0 0 0.000000
000454 0 0 0 0.000000
000455 0 0 0 0.000000
000456 0 0 0 0.000000
000457 0 0 0 0.000000
000458 0 0 0 0.000000
000459 0 0 0 0.000000
000460 0 0 0 0.000000
000461 0 0 0 0.000000
000462 0 0 0 0.000000
000463 0 0 0 0.000000
000464 0 0 0 0.000000
000465 0 0 0 0.000000
000466 0 0 0 0.000000
000467 0 0 0 0.000000
000468 0 0 0 0.000000
000469 0 0 0 0.000000
000470 0 0 0 0.000000
000471 0 0 0 0.000000
000472 0 0 0 0.000000
000473 0 0 0 0.000000
000474 0 0 0 0.000000
000475 0 0 0 0.000000
000476 0 0 0 0.000000
000477 0 0 0 0.000000
000478 0 0 0 0.000000
000479 0 0 0 0.000000
000480 0 0 0 0.000000
000481 0 0 0 0.000000
000482 0 0 0 0.000000
000483 0 0 0 0.000000
000484 0 0 0 0.000000
000485 0 0 0 0.000000
000486 0 0 0 0.000000
000487 0 0 0 0.000000
000488 0 0 0 0.000000
000489 0 0 0 0.000000
000490 0 0 0 0.000000
000491 0 0 0 0.000000
000492 0 0 0 0.000000
000493 0 0 0 0.000000
000494 0 0 0 0.000000
000495 0 0 0 0.000000
000496 0 0 0 0.000000
000497 0 0 0 0.000000
000498 0 0 0 0.000000
000499 0 0 0 0.000000
000500 0 0 0 0.000000
000501 0 0 0 0.000000
000502 0 0 0 0.000000
000503 0 0 0 0.000000
000504 0 0 0 0.000000
000505 0 0 0 0.000000
000506 0 0 0 0.000000
000507 0 0 0 0.000000
000508 0 0 0 0.000000
000509 0 0 0 0.000000
000510 0 0 0 0.000000
000511 0 0 0 0.000000
000512 0 0 0 0.000000
000513 0 0 0 0.000000
000514 0 0 0 0.000000
000515 0 0 0 0.000000
000516 0 0 0 0.000000
000517 0 0 0 0.000000
000518 0 0 0 0.000000
000519 0 0 0 0.000000
000520 0 0 0 0.000000
000521 0 0 0 0.000000
000522 0 0 0 0.000000
000523 0 0 0 0.000000
000524 0 0 0 0.000000
000525 0 0 0 0.000000
000526 0 0 0 0.000000
000527 0 0 0 0.000000
000528 0 0 0 0.000000
000529 0 0 0 0.000000
000530 0 0 0 0.000000
000531 0 0 0 0.000000
000532 0 0 0 0.000000
000533 0 0 0 0.000000
000534 0 0 0 0.000000
000535 0 0 0 0.000000
000536 0 0 0 0.000000
000537 0 0 0 0.000000
000538 0 0 0 0.000000
000539 0 0 0 0.000000
000540 0 0 0 0.000000
000541 0 0 0 0.000000
000542 0 0 0 0.000000
000543 0 0 0 0.000000
000544 0 0 0 0.000000
000545 0 0 0 0.000000
000546 0 0 0 0.000000
000547 0 0 0 0.000000
000548 0 0 0 0.000000
000549 0 0 0 0.000000
000550 0 0 0 0.000000
000551 0 0 0 0.000000
000552 0 0 0 0.000000
000553 0 0 0 0.000000
000554 0 0 0 0.000000
000555 0 0 0 0.000000
000556 0 0 1 0.000000
000557 0 0 0 0.000000
000558 0 0 1 0.000000
000559 0 0 0 0.000000
000560 0 0 0 0.000000
000561 0 0 0 0.000000
000562 0 0 0 0.000000
000563 0 0 0 0.000000
000564 0 0 0 0.000000
000565 0 0 0 0.000000
000566 0 0 0 0.000000
000567 0 0 0 0.000000
000568 0 0 0 0.000000
000569 0 0 0 0.000000
000570 0 0 0 0.000000
000571 0 0 0 0.000000
000572 0 0 0 0.000000
000573 0 0 0 0.000000
000574 0 0 0 0.000000
000575 0 0 0 0.000000
000576 0 0 0 0.000000
000577 0 0 0 0.000000
000578 0 0 0 0.000000
000579 0 0 0 0.000000
000580 0 0 0 0.000000
000581 0 0 0 0.000000
000582 0 0 0 0.000000
000583 0 0 0 0.000000
000584 0 0 0 0.000000
000585 0 0 0 0.000000
000586 0 0 0 0.000000
000587 0 0 0 0.000000
000588 0 0 0 0.000000
000589 0 0 0 0.000000
000590 0 0 0 0.000000
000591 0 0 0 0.000000
000592 0 0 0 0.000000
000593 0 0 0 0.000000
000594 0 0 0 0.000000
000595 0 0 0 0.000000
000596 0 0 0 0.000000
000597 0 0 0 0.000000
000598 0 0 0 0.000000
000599 0 0 0 0.000000
000600 0 0 0 0.000000
000601 0 0 0 0.000000
000602 0 0 0 0.000000
000603 0 0 0 0.000000
000604 0 0 0 0.000000
000605 0 0 0 0.000000
000606 0 0 0 0.000000
000607 0 0 0 0.000000
000608 0 0 0 0.000000
000609 0 0 0 0.000000
000610 0 0 1 0.000000
000611 0 0 0 0.000000
000612 0 0 0 0.000000
000613 0 0 0 0.000000
000614 0 0 0 0.000000
000615 0 0 0 0.000000
000616 0 0 0 0.000000
000617 0 0 0 0.000000
000618 0 0 0 0.000000
000619 0 0 0 0.000000
000620 0 0 0 0.000000
000621 0 0 0 0.000000
000622 0 0 0 0.000000
000623 0 0 0 0.000000
000624 0 0 0 0.000000
000625 0 0 0 0.000000
000626 0 0 0 0.000000
000627 0 0 0 0.000000
000628 0 0 0 0.000000
000629 0 0 0 0.000000
000630 0 0 0 0.000000
000631 0 0 0 0.000000
000632 0 0 0 0.000000
000633 0 0 0 0.000000
000634 0 0 0 0.000000
000635 0 0 0 0.000000
000636 0 0 0 0.000000
000637 0 0 0 0.000000
000638 0 0 0 0.000000
000639 0 0 0 0.000000
000640 0 0 0 0.000000
000641 0 0 0 0.000000
000642 0 0 0 0.000000
000643 0 0 0 0.000000
000644 0 0 0 0.000000
000645 0 0 0 0.000000
000646 0 0 0 0.000000
000647 0 0 0 0.000000
000648 0 0 0 0.000000
000649 0 0 0 0.000000
000650 0 0 0 0.000000
000651 0 0 0 0.000000
000652 0 0 0 0.000000
000653 0 0 0 0.000000
000654 0 0 0 0.000000
000655 0 0 0 0.000000
000656 0 0 0 0.000000
000657 0 0 0 0.000000
000658 0 0 0 0.000000
000659 0 0 0 0.000000
000660 0 0 0 0.000000
000661 0 0 0 0.000000
000662 0 0 0 0.000000
000663 0 0 0 0.000000
000664 0 0 0 0.000000
000665 0 0 0 0.000000
000666 0 0 0 0.000000
000667 0 0 0 0.000000
000668 0 0 0 0.000000
000669 0 0 0 0.000000
000670 0 0 0 0.000000
000671 0 0 0 0.000000
000672 0 0 0 0.000000
000673 0 0 0 0.000000
000674 0 0 0 0.000000
000675 0 0 0 0.000000
000676 0 0 0 0.000000
000677 0 0 0 0.000000
000678 0 0 0 0.000000
000679 0 0 0 0.000000
000680 0 0 0 0.000000
000681 0 0 0 0.000000
000682 0 0 0 0.000000
000683 0 0 0 0.000000
000684 0 0 0 0.000000
000685 0 0 0 0.000000
000686 0 0 0 0.000000
000687 0 0 0 0.000000
000688 0 0 0 0.000000
000689 0 0 0 0.000000
000690 0 0 0 0.000000
000691 0 0 0 0.000000
000692 0 0 0 0.000000
000693 0 0 0 0.000000
000694 0 0 0 0.000000
000695 0 0 0 0.000000
000696 0 0 0 0.000000
000697 0 0 0 0.000000
000698 0 0 0 0.000000
000699 0 0 0 0.000000
000700 0 0 0 0.000000
000701 0 0 0 0.000000
000702 0 0 0 0.000000
000703 0 0 0 0.000000
000704 0 0 0 0.000000
000705 0 0 0 0.000000
000706 0 0 0 0.000000
000707 0 0 0 0.000000
000708 0 0 0 0.000000
000709 0 0 0 0.000000
000710 0 0 0 0.000000
000711 0 0 0 0.000000
000712 0 0 0 0.000000
000713 0 0 0 0.000000
000714 0 0 0 0.000000
000715 0 0 0 0.000000
000716 0 0 0 0.000000
000717 0 0 0 0.000000
000718 0 0 0 0.000000
000719 0 0 0 0.000000
000720 0 0 0 0.000000
000721 0 0 0 0.000000
000722 0 0 0 0.000000
000723 0 0 0 0.000000
000724 0 0 0 0.000000
000725 0 0 0 0.000000
000726 0 0 0 0.000000
000727 0 0 0 0.000000
000728 0 0 0 0.000000
000729 0 0 0 0.000000
000730 0 0 0 0.000000
000731 0 0 0 0.000000
000732 0 0 0 0.000000
000733 0 0 0 0.000000
000734 0 0 0 0.000000
000735 0 0 0 0.000000
000736 0 0 0 0.000000
000737 0 0 1 0.000000
000738 0 0 0 0.000000
000739 0 0 0 0.000000
000740 0 0 0 0.000000
000741 0 0 0 0.000000
000742 0 0 0 0.000000
000743 0 0 0 0.000000
000744 0 0 0 0.000000
000745 0 0 0 0.000000
000746 0 0 0 0.000000
000747 0 0 0 0.000000
000748 0 0 0 0.000000
000749 0 0 0 0.000000
000750 0 0 0 0.000000
000751 0 0 0 0.000000
000752 0 0 0 0.000000
000753 0 0 0 0.000000
000754 0 0 0 0.000000
000755 0 0 0 0.000000
000756 0 0 0 0.000000
000757 0 0 0 0.000000
000758 0 0 0 0.000000
000759 0 0 0 0.000000
000760 0 0 0 0.000000
000761 0 0 0 0.000000
000762 0 0 0 0.000000
000763 0 0 0 0.000000
000764 0 0 0 0.000000
000765 0 0 0 0.000000
000766 0 0 0 0.000000
000767 0 0 0 0.000000
000768 0 0 0 0.000000
000769 0 0 0 0.000000
000770 0 0 0 0.000000
000771 0 0 0 0.000000
000772 0 0 0 0.000000
000773 0 0 0 0.000000
000774 0 0 1 0.000000
000775 0 0 1 0.000000
000776 0 0 0 0.000000
000777 0 0 0 0.000000
000778 0 0 0 0.000000
000779 0 0 0 0.000000
000780 0 0 0 0.000000
000781 0 0 0 0.000000
000782 0 0 0 0.000000
000783 0 0 0 0.000000
000784 0 0 0 0.000000
000785 0 0 0 0.000000
000786 0 0 0 0.000000
000787 0 0 0 0.000000
000788 0 0 0 0.000000
000789 0 0 0 0.000000
000790 0 0 0 0.000000
000791 0 0 0 0.000000
000792 0 0 0 0.000000
000793 0 0 0 0.000000
000794 0 0 0 0.000000
000795 0 0 0 0.000000
000796 0 0 0 0.000000
000797 0 0 0 0.000000
000798 0 0 0 0.000000
000799 0 0 0 0.000000
000800 0 0 0 0.000000
000801 0 0 0 0.000000
000802 0 0 0 0.000000
000803 0 0 0 0.000000
000804 0 0 0 0.000000
000805 0 0 0 0.000000
000806 0 0 0 0.000000
000807 0 0 0 0.000000
000808 0 0 0 0.000000
000809 0 0 0 0.000000
000810 0 0 0 0.000000
000811 0 0 0 0.000000
000812 0 0 0 0.000000
000813 0 0 0 0.000000
000814 0 0 0 0.000000
000815 0 0 0 0.000000
000816 0 0 0 0.000000
000817 0 0 0 0.000000
000818 0 0 0 0.000000
000819 0 0 0 0.000000
000820 0 0 0 0.000000
000821 0 0 0 0.000000
000822 0 0 0 0.000000
000823 0 0 0 0.000000
000824 0 0 0 0.000000
000825 0 0 0 0.000000
000826 0 0 0 0.000000
000827 0 0 0 0.000000
000828 0 0 0 0.000000
000829 0 0 0 0.000000
000830 0 0 0 0.000000
000831 0 0 0 0.000000
000832 0 0 0 0.000000
000833 0 0 0 0.000000
000834 0 0 0 0.000000
000835 0 0 0 0.000000
000836 0 0 0 0.000000
000837 0 0 0 0.000000
000838 0 0 0 0.000000
000839 0 0 0 0.000000
000840 0 0 0 0.000000
000841 0 0 0 0.000000
000842 0 0 0 0.000000
000843 0 0 0 0.000000
000844 0 0 0 0.000000
000845 0 0 0 0.000000
000846 0 0 0 0.000000
000847 0 0 0 0.000000
000848 0 0 0 0.000000
000849 0 0 0 0.000000
000850 0 0 0 0.000000
000851 0 0 0 0.000000
000852 0 0 0 0.000000
000853 0 0 0 0.000000
000854 0 0 0 0.000000
000855 0 0 0 0.000000
000856 0 0 0 0.000000
000857 0 0 0 0.000000
000858 0 0 0 0.000000
000859 0 0 0 0.000000
000860 0 0 0 0.000000
000861 0 0 0 0.000000
000862 0 0 0 0.000000
000863 0 0 0 0.000000
000864 0 0 0 0.000000
000865 0 0 0 0.000000
000866 0 0 0 0.000000
000867 0 0 0 0.000000
000868 0 0 0 0.000000
000869 0 0 0 0.000000
000870 0 0 0 0.000000
000871 0 0 0 0.000000
000872 0 0 0 0.000000
000873 0 0 0 0.000000
000874 0 0 0 0.000000
000875 0 0 0 0.000000
000876 0 0 0 0.000000
000877 0 0 0 0.000000
000878 0 0 0 0.000000
000879 0 0 0 0.000000
000880 0 0 0 0.000000
000881 0 0 0 0.000000
000882 0 0 0 0.000000
000883 0 0 0 0.000000
000884 0 0 0 0.000000
000885 0 0 0 0.000000
000886 0 0 0 0.000000
000887 0 0 0 0.000000
000888 0 0 0 0.000000
000889 0 0 0 0.000000
000890 0 0 0 0.000000
000891 0 0 0 0.000000
000892 0 0 0 0.000000
000893 0 0 0 0.000000
000894 0 0 0 0.000000
000895 0 0 0 0.000000
000896 0 0 0 0.000000
000897 0 0 0 0.000000
000898 0 0 0 0.000000
000899 0 0 0 0.000000
000900 0 0 0 0.000000
000901 0 0 0 0.000000
000902 0 0 0 0.000000
000903 0 0 0 0.000000
000904 0 0 0 0.000000
000905 0 0 0 0.000000
000906 0 0 0 0.000000
000907 0 0 0 0.000000
000908 0 0 0 0.000000
000909 0 0 0 0.000000
000910 0 0 0 0.000000
000911 0 0 0 0.000000
000912 0 0 0 0.000000
000913 0 0 0 0.000000
000914 0 0 0 0.000000
000915 0 0 0 0.000000
000916 0 0 0 0.000000
000917 0 0 0 0.000000
000918 0 0 2 0.000000
000919 0 0 2 0.000000
000920 0 0 1 0.000000
000921 0 0 1 0.000000
000922 0 0 0 0.000000
000923 0 0 0 0.000000
000924 0 0 0 0.000000
000925 0 0 0 0.000000
000926 0 0 0 0.000000
000927 0 0 0 0.000000
000928 0 0 0 0.000000
000929 0 0 0 0.000000
000930 1 0 0 0.000000
000931 1 0 0 0.000000
000932 1 0 0 0.000000
000933 1 0 0 0.000000
000934 1 0 0 0.000000
000935 1 0 0 0.000000
000936 1 0 0 0.000000
000937 1 0 0 0.000000
000938 1 0 0 0.000000
000939 1 0 0 0.000000
000940 1 0 0 0.000000
000941 1 0 0 0.000000
000942 1 1 0 0.411464
000943 1 0 0 0.000000
000944 1 0 0 0.000000
000945 1 0 0 0.000000
000946 1 0 0 0.000000
000947 1 0 0 0.000000
000948 1 1 0 0.467018
000949 1 1 0 0.456971
000950 1 1 0 0.462867
000951 1 1 0 0.473134
000952 1 0 1 0.000000
000953 1 1 0 0.412994
000954 1 0 0 0.000000
000955 1 0 0 0.000000
000956 1 1 0 0.469188
000957 1 1 0 0.490767
000958 1 1 0 0.467018
000959 1 1 0 0.483416
000960 1 1 0 0.483416
000961 1 1 0 0.483114
000962 1 1 1 0.212722
000963 1 1 1 0.211121
000964 1 1 0 0.415010
000965 1 1 0 0.406343
000966 1 1 0 0.381884
000967 1 1 0 0.570428
000968 1 1 0 0.470691
000969 1 1 0 0.433274
000970 1 1 0 0.475432
000971 1 1 0 0.475432
000972 1 1 0 0.377645
000973 1 0 0 0.000000
000974 1 1 0 0.352906
000975 1 1 0 0.356972
000976 1 1 0 0.324364
000977 1 1 0 0.319306
000978 1 1 0 0.345969
000979 1 0 0 0.000000
000980 1 1 0 0.359627
000981 1 1 0 0.368931
000982 1 1 0 0.396901
000983 1 1 0 0.401757
000984 1 0 0 0.000000
000985 1 0 0 0.000000
000986 1 1 0 0.487339
000987 1 0 0 0.000000
000988 1 0 0 0.000000
000989 1 1 0 0.837014
000990 1 1 0 0.739423
000991 1 0 0 0.000000
000992 1 0 0 0.000000
000993 1 0 0 0.000000
000994 1 0 0 0.000000
000995 1 0 0 0.000000
000996 1 1 0 0.634948
000997 1 0 0 0.000000
000998 1 0 0 0.000000
000999 1 0 0 0.000000
001000 1 0 0 0.000000
001001 1 0 0 0.000000
001002 1 0 0 0.000000
001003 1 0 0 0.000000
001004 1 0 0 0.000000
001005 1 0 0 0.000000
001006 1 0 0 0.000000
001007 1 0 0 0.000000
001008 1 0 0 0.000000
001009 1 0 0 0.000000
001010 1 0 0 0.000000
001011 1 0 0 0.000000
001012 1 0 0 0.000000
001013 1 0 0 0.000000
001014 1 0 0 0.000000
001015 1 0 0 0.000000
001016 1 1 0 0.643242
001017 1 0 0 0.000000
001018 1 0 0 0.000000
001019 1 0 0 0.000000
001020 1 0 0 0.000000
001021 1 1 0 0.837108
001022 1 1 0 0.630981
001023 1 1 0 0.710165
001024 1 1 0 0.502763
001025 1 0 0 0.000000
001026 1 1 0 0.625022
001027 1 1 0 0.663056
001028 1 1 0 0.669383
001029 1 1 0 0.616646
001030 1 1 0 0.542158
001031 1 1 0 0.528458
001032 1 1 0 0.542158
001033 1 1 0 0.470923
001034 1 1 0 0.530490
001035 1 1 0 0.518312
001036 1 1 0 0.587369
001037 1 1 0 0.649613
001038 1 0 0 0.000000
001039 1 0 0 0.000000
001040 1 1 0 0.583672
001041 1 1 0 0.567430
001042 1 1 0 0.595709
001043 1 0 1 0.000000
001044 1 1 0 0.602037
001045 1 1 0 0.503587
001046 1 1 0 0.540389
001047 1 1 0 0.514048
001048 1 1 0 0.464542
001049 1 1 0 0.489411
001050 1 1 0 0.535767
001051 1 0 0 0.000000
001052 1 0 0 0.000000
001053 1 0 0 0.000000
001054 1 0 0 0.000000
001055 1 0 0 0.000000
001056 1 0 0 0.000000
001057 1 0 0 0.000000
001058 1 0 0 0.000000
001059 1 0 0 0.000000
001060 1 0 0 0.000000
001061 1 0 0 0.000000
001062 1 0 0 0.000000
001063 1 0 0 0.000000
001064 1 1 0 0.486269
001065 1 1 0 0.457471
001066 1 1 0 0.569574
001067 1 1 0 0.565764
001068 1 1 0 0.571716
001069 1 1 0 0.593065
001070 1 1 0 0.603787
001071 1 1 0 0.593353
001072 1 0 0 0.000000
001073 1 0 0 0.000000
001074 1 1 0 0.553556
001075 1 1 0 0.649684
001076 1 1 0 0.522604
001077 1 1 0 0.492748
001078 1 1 0 0.489900
001079 1 1 0 0.453867
001080 1 1 0 0.522604
001081 1 1 0 0.505853
001082 1 1 0 0.645283
001083 1 1 0 0.594904
001084 1 1 0 0.616764
001085 1 1 0 0.613087
001086 1 1 0 0.656875
001087 1 1 0 0.682578
001088 1 1 0 0.656619
001089 1 1 0 0.686581
001090 1 1 1 0.347161
001091 1 1 1 0.347161
001092 1 1 0 0.656137
001093 1 1 0 0.599681
001094 1 1 0 0.620950
001095 1 1 0 0.594904
001096 1 1 0 0.613087
001097 1 1 0 0.613087
001098 1 1 0 0.611243
001099 1 1 0 0.593604
001100 1 1 0 0.565898
001101 1 1 0 0.569644
001102 1 1 0 0.560908
001103 1 1 0 0.565404
001104 1 1 0 0.523145
001105 1 1 0 0.499796
001106 1 0 0 0.000000
001107 1 0 0 0.000000
001108 1 0 0 0.000000
001109 1 0 0 0.000000
001110 1 0 0 0.000000
001111 1 0 0 0.000000
001112 1 0 0 0.000000
001113 1 0 0 0.000000
001114 1 0 0 0.000000
001115 1 0 0 0.000000
001116 1 1 0 0.653421
001117 1 1 0 0.591552
001118 1 1 0 0.679320
001119 1 1 0 0.656276
001120 1 0 0 0.000000
001121 1 0 0 0.000000
001122 1 0 0 0.000000
001123 1 0 0 0.000000
001124 1 0 0 0.000000
001125 1 0 0 0.000000
001126 1 0 0 0.000000
001127 1 0 0 0.000000
001128 1 0 0 0.000000
001129 1 0 0 0.000000
001130 1 0 0 0.000000
001131 1 0 0 0.000000
001132 1 0 0 0.000000
001133 1 0 0 0.000000
001134 1 0 0 0.000000
001135 1 0 1 0.000000
001136 1 0 0 0.000000
001137 1 0 0 0.000000
001138 1 0 0 0.000000
001139 1 0 0 0.000000
001140 1 0 0 0.000000
001141 1 0 0 0.000000
001142 1 0 0 0.000000
001143 1 0 0 0.000000
001144 0 0 0 0.000000
001145 0 0 0 0.000000
001146 0 0 0 0.000000
001147 0 0 0 0.000000
001148 0 0 0 0.000000
001149 0 0 0 0.000000
001150 0 0 0 0.000000
