100320 2 0 3 0.000000
100321 2 2 0 0.875363
100322 2 2 0 0.922183
100323 2 2 0 0.903359
100324 2 2 1 0.585621
100325 2 2 0 0.860363
100328 2 2 0 0.838407
100329 2 2 1 0.595210
100330 2 2 0 0.902282
100331 2 2 0 0.868649
100332 2 1 1 0.464036
100333 2 1 0 0.911329
100336 2 1 1 0.483645
100337 2 1 0 0.990879
100338 2 2 0 0.749818
100339 2 1 1 0.436748
100340 2 1 1 0.494615
100341 2 1 1 0.454388
100344 2 1 1 0.484524
100345 2 1 1 0.406114
100346 2 1 0 0.910581
100347 2 1 0 0.860822
100348 2 1 1 0.466811
100349 2 1 1 0.455664
100352 2 1 1 0.391994
100353 2 0 1 0.000000
100354 2 1 2 0.437857
100355 2 1 1 0.685997
100356 2 1 1 0.506192
100357 2 2 1 0.499169
100360 2 1 2 0.437857
100361 2 1 1 0.466811
100362 2 1 2 0.414122
100363 2 1 1 0.612830
100364 2 1 1 0.408889
100365 2 1 1 0.586426
100368 2 1 0 0.894870
100369 2 1 2 0.416749
100370 2 1 1 0.455665
100371 2 1 2 0.409851
100372 2 1 2 0.377014
100373 2 1 1 0.578348
100376 2 1 0 0.838709
100377 2 1 0 1.010270
100378 2 1 2 0.417889
100379 2 1 2 0.422367
100380 2 1 1 0.455665
100381 2 1 1 0.409612
100384 2 1 1 0.398449
100385 2 1 1 0.398449
100386 2 1 1 0.538577
100387 2 0 0 0.000000
100388 2 1 1 0.314206
100389 2 1 1 0.398449
100392 2 1 1 0.446723
100393 2 1 1 0.408889
100394 2 0 1 0.000000
100395 2 0 1 0.000000
100396 2 1 1 0.419354
100397 2 1 1 0.408889
100400 2 1 1 0.398449
100401 2 1 0 0.729561
100402 2 1 1 0.398449
100403 2 2 1 0.542169
100404 2 1 1 0.408889
100405 2 1 1 0.398449
100408 2 1 1 0.466811
100409 2 1 1 0.455665
100410 2 1 2 0.303776
100411 2 1 1 0.435942
100412 2 1 1 0.483065
100413 2 1 1 0.455665
100416 2 1 1 0.466811
100417 2 1 1 0.466811
100418 2 1 1 0.374572
100419 2 1 1 0.364781
100420 2 1 0 0.817779
100421 2 1 1 0.398449
100424 2 2 1 0.578427
100425 2 1 1 0.466811
100426 2 1 1 0.398449
100427 2 1 1 0.408889
100428 2 1 1 0.408889
100429 2 1 1 0.419354
100432 2 1 1 0.408889
100433 2 1 0 0.796898
100434 2 2 1 0.551505
100435 2 2 1 0.522099
100436 2 2 1 0.534510
100437 2 2 1 0.571236
100440 2 2 1 0.584534
100441 2 1 1 0.400086
100442 2 1 1 0.419354
100443 2 1 0 0.817779
100444 2 0 1 0.000000
100445 2 1 1 0.408889
100448 2 2 1 0.541023
100449 2 1 1 0.367174
100450 2 1 1 0.446723
100451 2 1 1 0.388033
100452 2 1 1 0.355012
100453 2 1 1 0.355012
100456 2 2 1 0.548152
100457 2 0 1 0.000000
100458 2 0 0 0.000000
100459 2 0 1 0.000000
100460 2 0 1 0.000000
100461 2 1 1 0.345267
100464 2 2 1 0.520505
100465 2 1 1 0.314206
100466 2 1 1 0.314206
100467 2 1 1 0.314206
100468 2 1 1 0.345267
100469 2 2 1 0.524233
100472 2 1 1 0.398449
100473 2 1 1 0.364781
100474 2 1 1 0.364781
100475 2 1 0 0.817779
100476 2 1 1 0.408889
100477 2 1 1 0.398449
100480 2 1 1 0.374572
100481 2 1 1 0.323310
100482 2 0 0 0.000000
100483 2 1 1 0.364781
100484 2 1 1 0.364781
100485 2 0 1 0.000000
100488 2 0 0 0.000000
100489 2 1 1 0.408889
100490 2 1 1 0.364781
100491 2 0 1 0.000000
100492 2 1 1 0.355012
100493 2 1 1 0.345267
100584 2 0 1 0.000000
100585 2 0 1 0.000000
100586 2 0 1 0.000000
100587 2 0 1 0.000000
100588 2 0 1 0.000000
100589 2 0 1 0.000000
100590 2 0 1 0.000000
100591 2 0 1 0.000000
100592 2 0 1 0.000000
100593 2 0 1 0.000000
100594 2 0 1 0.000000
100595 2 0 1 0.000000
100596 2 0 1 0.000000
100597 2 0 1 0.000000
100598 2 0 1 0.000000
100599 2 0 1 0.000000
100600 2 0 1 0.000000
100601 2 0 1 0.000000
100602 2 0 1 0.000000
100603 2 0 1 0.000000
100604 3 0 1 0.000000
100605 3 0 1 0.000000
100606 3 0 0 0.000000
100607 3 0 1 0.000000
100656 3 0 0 0.000000
100657 3 0 1 0.000000
100658 3 0 1 0.000000
100659 3 0 0 0.000000
100660 3 0 1 0.000000
100661 3 0 1 0.000000
100662 3 0 1 0.000000
100663 3 0 1 0.000000
100664 3 0 0 0.000000
100665 3 0 1 0.000000
100666 3 0 1 0.000000
100667 3 0 1 0.000000
100668 3 0 1 0.000000
100669 3 0 0 0.000000
100670 3 0 1 0.000000
100671 3 1 0 0.890381
100672 3 0 1 0.000000
100673 3 0 1 0.000000
100674 4 0 1 0.000000
100675 4 0 1 0.000000
100676 4 0 0 0.000000
100677 4 0 0 0.000000
100678 4 0 1 0.000000
100679 4 0 1 0.000000
100728 4 0 2 0.000000
100729 4 0 2 0.000000
100730 4 0 2 0.000000
100731 4 0 2 0.000000
100732 5 0 1 0.000000
100733 5 0 0 0.000000
100734 5 0 1 0.000000
100735 5 0 1 0.000000
100736 5 0 1 0.000000
100737 5 0 1 0.000000
100738 5 1 1 0.417895
100739 5 1 1 0.401484
100740 5 1 0 0.847562
100741 5 1 1 0.433577
100742 5 0 1 0.000000
100743 5 1 1 0.360886
100744 5 1 1 0.366409
100745 5 0 0 0.000000
100746 5 2 1 0.442066
100747 5 1 1 0.274447
