101230 0 0 0 0.000000
101231 0 0 0 0.000000
101232 0 0 0 0.000000
101233 0 0 0 0.000000
101234 0 0 0 0.000000
101235 0 0 0 0.000000
101236 0 0 0 0.000000
101294 0 0 1 0.000000
101295 0 0 1 0.000000
101296 1 0 1 0.000000
101297 1 1 0 0.500318
101298 1 0 1 0.492290
101299 1 1 0 0.509519
101300 1 1 0 0.511125
101301 1 0 1 0.499436
101302 1 0 1 0.497786
101303 1 1 0 0.503613
101304 1 0 1 0.498372
101305 1 0 1 0.471170
101306 1 0 1 0.477345
101307 1 0 1 0.469353
101308 1 0 1 0.458430
101309 1 0 1 0.444847
101366 1 1 0 0.840370
101367 1 1 0 0.743268
101368 1 1 0 0.789888
101369 1 1 0 0.810298
101370 1 1 0 0.786708
101371 1 1 0 0.789145
101372 1 1 0 0.819346
101373 1 1 0 0.773775
101374 1 1 0 0.782775
101375 1 1 0 0.797474
101376 1 1 0 0.822246
101377 1 1 0 0.768231
101378 1 1 0 0.628671
101379 1 1 0 0.604857
101380 1 1 0 0.509082
101381 1 1 0 0.542874
101486 1 2 0 0.634445
101487 1 1 0 0.702626
101488 1 1 0 0.748775
101489 1 1 0 0.685672
101490 1 1 0 0.709438
101491 1 1 0 0.727742
101492 1 1 0 0.658288
101493 1 1 0 0.688057
101494 1 1 0 0.693339
101495 1 1 0 0.674015
101496 1 1 0 0.739762
101497 1 1 0 0.763426
101498 1 1 0 0.826818
101499 1 1 0 0.796271
101500 1 1 0 0.800298
101501 1 1 0 0.792917
101502 1 1 0 0.726668
101503 1 1 0 0.787643
101504 1 1 0 0.807210
101505 1 1 0 0.812686
101506 1 1 0 0.791736
101507 1 1 0 0.795093
101508 1 1 0 0.742732
101509 1 1 0 0.761332
101678 1 0 1 0.000000
101679 1 0 1 0.000000
101680 1 0 1 0.000000
101681 1 0 1 0.000000
101682 1 0 1 0.000000
101683 1 1 0 0.822201
101684 1 1 0 0.822201
101685 1 1 0 0.742964
101686 1 1 0 0.742964
101687 1 1 0 0.742964
101688 1 1 0 0.725398
101689 1 1 0 0.742964
101690 1 1 0 0.742964
101691 1 1 0 0.803571
101692 1 1 0 0.822201
101693 1 1 0 0.840866
101694 1 1 0 0.840866
101695 1 1 0 0.840866
101696 1 1 0 0.840866
101697 1 1 0 0.803571
101698 1 1 0 0.742964
101699 1 1 0 0.742964
101700 1 1 0 0.742964
101701 1 1 0 0.725398
101750 1 1 0 0.667914
101751 1 1 0 0.725398
101752 1 1 0 0.725398
101753 1 1 0 0.725398
101754 1 1 0 0.742964
101755 1 1 0 0.725398
101756 1 1 0 0.667914
101757 1 1 0 0.667914
101758 1 1 0 0.634921
101759 1 1 0 0.634921
101760 1 1 0 0.634921
101761 1 0 0 0.000000
101762 1 1 0 0.651402
101763 1 1 0 0.651402
101764 1 1 0 0.634921
101765 1 1 0 0.651402
101766 1 0 0 0.000000
101767 1 0 0 0.000000
101768 1 1 0 0.667914
101769 1 1 0 0.667914
101770 1 1 0 0.667914
101771 1 0 0 0.000000
101772 1 0 0 0.000000
101773 1 0 0 0.000000
102086 1 0 0 0.000000
102087 1 0 0 0.000000
102088 1 0 0 0.000000
102089 1 0 0 0.000000
102090 1 0 0 0.000000
102091 1 0 0 0.000000
102092 1 0 0 0.000000
102093 1 0 0 0.000000
102223 1 0 0 0.000000
102224 1 0 0 0.000000
102225 1 0 0 0.000000
102226 1 0 0 0.000000
102227 1 0 0 0.000000
102228 1 0 0 0.000000
102229 1 0 0 0.000000
102231 1 0 0 0.000000
102232 1 0 0 0.000000
102233 1 0 0 0.000000
102234 1 0 0 0.000000
102235 1 0 0 0.000000
102236 1 0 0 0.000000
102237 1 0 0 0.000000
102328 1 0 1 0.000000
102329 1 0 1 0.000000
102330 1 0 0 0.000000
102331 1 0 1 0.000000
102332 1 0 1 0.000000
102333 1 0 0 0.000000
102640 1 0 0 0.000000
102641 1 0 0 0.000000
102642 1 0 0 0.000000
102643 1 0 0 0.000000
102644 1 0 0 0.000000
102645 0 0 0 0.000000
102648 0 0 0 0.000000
102649 0 0 0 0.000000
102650 0 0 0 0.000000
102651 0 0 0 0.000000
102652 0 0 0 0.000000
102653 0 0 0 0.000000
102952 0 0 0 0.000000
102953 0 0 0 0.000000
102954 0 0 0 0.000000
102955 0 0 0 0.000000
102956 0 0 0 0.000000
102957 0 0 0 0.000000
103336 0 0 0 0.000000
103337 0 0 0 0.000000
103338 0 0 0 0.000000
103339 0 0 1 0.000000
103340 1 0 0 0.000000
103341 1 0 0 0.000000
103344 1 1 0 0.909091
103345 1 0 0 0.000000
103346 1 1 0 0.843629
103347 1 1 0 0.949612
103348 1 0 0 0.000000
103349 1 1 0 1.019417
103408 1 1 0 1.032423
103409 1 1 0 0.857288
103410 1 1 0 0.857288
103411 1 1 0 1.032423
103416 1 1 0 0.932597
103417 1 1 0 0.857288
103418 1 1 0 0.857288
103419 1 1 0 1.032423
103481 1 1 0 0.587299
103482 1 1 0 0.565847
103483 1 1 0 0.603706
103484 1 1 0 0.546344
103485 1 1 0 0.571036
103489 1 1 0 0.506914
103490 1 0 1 0.471653
103491 1 0 1 0.477800
103492 1 1 0 0.506914
103493 1 1 0 0.506914
103753 1 0 0 0.000000
103754 1 0 0 0.000000
103755 1 0 0 0.000000
103756 1 0 0 0.000000
103757 1 0 0 0.000000
103761 0 0 0 0.000000
103762 0 0 0 0.000000
103763 0 0 0 0.000000
103764 0 0 0 0.000000
103765 0 0 0 0.000000
103833 0 0 0 0.000000
103834 0 0 0 0.000000
103835 0 0 0 0.000000
