100000 3 0 0 0.000000
100001 3 0 0 0.000000
100002 3 0 0 0.000000
100003 3 0 0 0.000000
100004 3 0 0 0.000000
100005 3 1 0 0.944444
100006 3 0 0 0.000000
100007 3 0 0 0.000000
100008 3 1 0 0.940767
100009 3 0 0 0.000000
100010 3 0 0 0.000000
100011 3 0 0 0.000000
100012 3 0 0 0.000000
100013 3 0 0 0.000000
100014 3 0 0 0.000000
100015 3 0 0 0.000000
100116 3 0 0 0.000000
100117 3 0 0 0.000000
100118 3 0 0 0.000000
100119 3 0 0 0.000000
100124 3 0 0 0.000000
100125 3 0 0 0.000000
100126 3 0 0 0.000000
100127 3 0 0 0.000000
100276 4 0 0 0.000000
100277 4 0 0 0.000000
100278 4 1 0 0.791444
100279 4 1 0 0.836461
100284 4 1 0 0.690255
100285 4 1 0 0.740988
100286 4 1 0 0.720000
100287 4 1 0 0.740988
100330 4 1 1 0.342857
100331 4 0 1 0.000000
100332 4 2 1 0.461866
100333 4 2 1 0.508075
100334 4 2 1 0.433708
100335 4 2 1 0.447939
100338 4 2 1 0.488620
100339 4 2 1 0.490377
100340 4 1 1 0.411924
100341 4 1 2 0.281091
100342 4 2 1 0.529731
100343 4 1 1 0.426009
100380 4 2 1 0.355729
100381 4 1 1 0.267943
100382 4 1 2 0.381181
100383 4 1 2 0.411167
100388 4 1 2 0.382173
100389 4 1 2 0.413838
100390 4 1 2 0.406356
100391 4 1 2 0.384322
100491 4 0 3 0.000000
100492 4 3 0 0.767953
100493 4 3 0 0.750192
100494 4 3 0 0.746822
100495 4 3 0 0.743681
100499 4 3 0 0.749597
100500 4 3 0 0.761303
100501 4 3 0 0.765286
100502 4 3 0 0.821951
100503 4 3 0 0.772993
100507 4 3 0 0.786932
100508 4 3 0 0.794152
100509 4 3 0 0.787828
100510 4 3 0 0.796603
100511 4 3 0 0.822409
100568 4 3 0 0.626472
100569 4 3 0 0.637180
100570 4 3 0 0.626146
100571 4 3 0 0.617903
100572 4 3 0 0.591937
100573 4 3 0 0.596436
100574 4 3 0 0.611770
100575 4 2 0 0.594983
100576 4 2 0 0.566896
100577 4 2 0 0.555395
100578 4 2 0 0.635632
100579 4 2 0 0.649839
100580 4 2 0 0.665410
100581 4 2 0 0.624906
100582 4 2 0 0.576437
100583 4 2 0 0.603575
100584 4 2 0 0.562237
100585 4 2 0 0.558321
100586 4 2 0 0.525609
100587 4 2 0 0.522153
100588 4 2 0 0.504444
100589 4 2 0 0.504754
100590 4 2 0 0.486497
100591 4 2 0 0.504416
100592 4 2 0 0.522084
100593 4 2 0 0.564188
100594 4 2 0 0.556455
100595 4 2 0 0.574392
100596 4 2 0 0.546769
100597 4 2 0 0.573618
100598 4 2 0 0.614769
100599 4 2 0 0.608997
100600 4 2 0 0.574021
100601 4 2 0 0.561919
100602 4 2 0 0.568000
100603 4 2 0 0.587038
100604 4 2 0 0.594545
100605 4 2 0 0.558229
100606 4 2 0 0.568259
100607 4 2 1 0.418664
100611 4 2 0 0.591749
100612 4 2 0 0.588393
100613 4 2 0 0.570067
100714 3 0 2 0.000000
100715 3 2 0 0.731905
100716 3 2 0 0.649792
100717 3 2 0 0.682574
100718 3 2 0 0.748002
100719 3 2 0 0.740003
100722 3 2 0 0.733162
100723 3 2 0 0.755627
100724 3 2 0 0.782400
100725 3 2 0 0.743341
100726 3 3 0 0.697664
100727 3 2 0 0.710598
101026 3 0 0 0.000000
101027 3 0 0 0.000000
101028 3 0 0 0.000000
101029 3 0 0 0.000000
101030 3 0 0 0.000000
101031 3 0 0 0.000000
101034 3 0 0 0.000000
101035 3 0 0 0.000000
101036 3 0 0 0.000000
101037 3 0 0 0.000000
101038 3 0 0 0.000000
101039 3 0 0 0.000000
101203 3 0 0 0.000000
101204 3 0 0 0.000000
101205 3 0 0 0.000000
101206 3 0 0 0.000000
101207 3 0 0 0.000000
101211 3 0 1 0.245741
101212 3 0 1 0.255920
101213 3 0 0 0.000000
101214 3 0 0 0.000000
101215 3 0 0 0.000000
101336 3 0 0 0.000000
101337 3 0 0 0.000000
101338 3 0 0 0.000000
101339 3 0 0 0.000000
101340 3 0 0 0.000000
101341 3 0 0 0.000000
101342 3 0 0 0.000000
101343 3 0 0 0.000000
101344 3 0 0 0.000000
101345 3 0 0 0.000000
101346 3 0 0 0.000000
101347 3 0 0 0.000000
101348 3 0 0 0.000000
101349 3 0 0 0.000000
101350 3 0 0 0.000000
101351 3 0 0 0.000000
101504 3 0 1 0.280455
101505 3 0 0 0.000000
101506 3 0 1 0.000000
101507 3 0 1 0.000000
101508 3 0 1 0.000000
101509 3 0 1 0.000000
101510 3 0 0 0.000000
101511 3 0 0 0.000000
101512 4 0 0 0.000000
101513 4 0 0 0.000000
101514 4 0 0 0.000000
101515 4 0 0 0.000000
101516 4 0 0 0.000000
101517 4 0 0 0.000000
101518 4 0 0 0.000000
101519 4 0 0 0.000000
101520 4 0 0 0.000000
101521 4 0 0 0.000000
101522 4 0 0 0.000000
101523 4 1 0 0.511564
101524 4 0 0 0.000000
101525 4 1 0 0.322873
101526 4 1 0 0.332579
101527 4 1 0 0.332579
101544 4 0 0 0.000000
101545 4 1 0 0.320036
101546 4 1 0 0.326783
101547 4 1 0 0.329656
101548 4 1 0 0.317249
101549 4 1 0 0.317249
101550 4 0 0 0.000000
101551 4 0 0 0.000000
101552 4 1 0 0.326783
101553 4 1 0 0.317249
101554 4 0 0 0.000000
101555 4 1 0 0.317249
101556 4 1 0 0.317249
101557 4 0 0 0.000000
101558 4 1 0 0.302254
101559 4 0 0 0.000000
