100008 0 0 0 0.000000
100009 0 0 0 0.000000
100010 0 0 0 0.000000
100011 0 0 0 0.000000
100012 0 0 0 0.000000
100013 0 0 0 0.000000
100014 0 0 0 0.000000
100015 0 0 0 0.000000
100016 0 0 0 0.000000
100017 0 0 0 0.000000
100018 0 0 0 0.000000
100019 0 0 0 0.000000
100020 0 0 0 0.000000
100021 0 0 0 0.000000
100022 0 0 0 0.000000
100023 0 0 0 0.000000
100024 0 0 0 0.000000
100025 0 0 0 0.000000
100026 0 0 0 0.000000
100027 0 0 0 0.000000
100028 0 0 0 0.000000
100029 0 0 0 0.000000
100030 0 0 0 0.000000
100031 0 0 0 0.000000
100217 1 0 1 0.000000
100218 1 1 0 0.948328
100219 1 1 0 0.803324
100220 1 1 0 0.799878
100221 1 1 0 0.789632
100222 1 1 0 0.819172
100223 1 1 0 0.825473
100225 1 1 0 0.705085
100226 1 1 0 0.710669
100227 1 1 0 0.714232
100228 1 1 0 0.702830
100229 1 1 0 0.707296
100230 1 1 0 0.711542
100231 1 1 0 0.740883
100273 1 0 1 0.000000
100274 1 0 0 0.000000
100275 1 0 0 0.000000
100276 1 0 0 0.000000
100277 1 1 0 0.613606
100278 1 1 0 0.778557
100279 1 1 0 0.692774
100281 1 1 0 0.686607
100282 1 0 0 0.000000
100283 1 0 0 0.000000
100284 1 0 0 0.000000
100285 1 1 0 0.652976
100286 1 1 0 0.692775
100287 1 1 0 0.755300
100426 1 0 0 0.000000
100427 1 0 0 0.000000
100428 1 1 0 0.556296
100429 1 1 0 0.492682
100430 1 1 0 0.511735
100431 1 1 0 0.537956
100434 1 1 0 0.554827
100435 1 1 0 0.402276
100436 1 1 0 0.356508
100437 1 1 0 0.345317
100438 1 1 0 0.418308
100439 1 1 0 0.392617
100475 1 0 0 0.000000
100476 1 0 0 0.000000
100477 1 0 0 0.000000
100478 1 0 0 0.000000
100479 1 0 1 0.260264
100483 1 0 0 0.000000
100484 1 0 0 0.000000
100485 1 0 0 0.000000
100486 1 0 0 0.000000
100487 1 0 0 0.000000
100571 1 0 0 0.000000
100572 1 0 0 0.000000
100573 1 0 0 0.000000
100574 1 2 0 0.626209
100575 1 1 0 0.770213
100579 1 1 0 0.782432
100580 1 1 0 0.747962
100581 1 1 0 0.686640
100582 1 1 0 0.705792
100583 1 1 0 0.724710
100761 2 0 1 0.000000
100762 2 1 0 0.568966
100763 2 1 0 0.550224
100764 2 1 0 0.568966
100765 2 1 0 0.511057
100766 2 2 1 0.323117
100769 2 1 1 0.284483
100770 2 1 0 0.568966
100771 2 1 0 0.568966
100772 2 1 0 0.568966
100773 2 1 0 0.568966
100774 2 1 0 0.586930
100810 2 0 0 0.000000
100811 2 0 0 0.000000
100812 2 0 0 0.000000
100813 2 0 0 0.000000
100814 2 0 0 0.000000
100818 2 0 0 0.000000
100819 2 0 0 0.000000
100820 2 0 0 0.000000
100821 2 0 0 0.000000
100822 2 0 0 0.000000
100930 2 0 0 0.000000
100931 2 0 0 0.000000
100932 2 0 0 0.000000
100933 2 0 0 0.000000
100934 2 0 0 0.000000
100935 2 0 0 0.000000
100938 2 2 0 0.571662
100939 2 1 0 0.556075
100940 2 1 0 0.539090
100941 2 1 0 0.500000
100942 2 1 0 0.539090
100943 2 1 0 0.500000
101339 1 0 0 0.000000
101340 1 0 0 0.000000
101341 1 0 0 0.000000
101342 1 0 0 0.000000
101343 1 0 0 0.000000
101347 1 1 1 0.323115
101348 2 1 1 0.346149
101349 2 1 0 0.637544
101350 2 0 0 0.000000
101351 2 0 0 0.000000
101385 2 0 1 0.000000
101386 2 0 0 0.000000
101387 2 0 0 0.000000
101388 2 0 0 0.000000
101389 2 0 0 0.000000
101393 2 0 1 0.072481
101394 2 0 1 0.099034
101395 2 0 1 0.044205
101396 2 0 1 0.041651
101397 2 0 0 0.000000
101452 2 0 1 0.000000
101453 2 1 0 0.586713
101454 2 1 0 0.523236
101455 2 1 0 0.523236
101460 2 2 0 0.574871
101461 2 2 0 0.571266
101462 2 2 0 0.527951
101463 2 2 0 0.577157
101595 1 0 1 0.000000
101596 1 1 0 0.689633
101597 1 1 0 0.629820
101598 1 1 0 0.591640
101599 1 1 0 0.579926
101603 1 1 0 0.616570
101604 1 1 0 0.533216
101605 1 1 0 0.635622
101606 1 1 0 0.609254
101607 1 1 0 0.561131
101611 1 0 0 0.000000
101612 1 0 0 0.000000
101613 1 1 0 0.689766
101614 1 1 0 0.661913
101615 1 1 0 0.623780
101699 1 1 0 0.787564
101700 1 1 0 0.723150
101701 1 1 1 0.376793
101702 1 1 0 0.763026
101703 1 1 0 0.806959
101707 1 1 0 0.735157
101708 1 1 0 0.682489
101709 1 1 0 0.704463
101710 1 1 0 0.687130
101711 1 1 0 0.668158
101729 1 1 0 0.689020
101730 1 1 0 0.735577
101731 1 1 0 0.735577
101732 1 1 0 0.698155
101733 1 1 0 0.755757
101734 1 1 0 0.755757
101737 1 1 0 0.767715
101738 1 1 0 0.707116
101739 1 1 0 0.696125
101740 1 1 0 0.696125
101741 1 1 0 0.696125
101742 1 1 0 0.633030
101745 1 1 0 0.565401
101746 1 1 0 0.633030
101747 1 1 0 0.635039
101748 1 1 0 0.642053
101749 1 1 0 0.609607
101750 1 1 0 0.635039
101787 1 1 0 0.797431
101788 1 1 0 0.808197
101789 1 1 0 0.811673
101790 1 1 0 0.765399
101791 1 1 0 0.765399
101794 1 1 0 0.744595
101795 1 1 0 0.734696
101796 1 1 0 0.727304
101797 1 1 0 0.698204
101798 1 1 0 0.670301
101799 1 1 0 0.661641
