100008 0 0 0 0.000000
100009 0 0 0 0.000000
100010 0 0 0 0.000000
100011 0 0 0 0.000000
100012 0 0 0 0.000000
100013 0 0 0 0.000000
100014 0 0 0 0.000000
100015 0 0 0 0.000000
100016 0 0 0 0.000000
100017 0 0 0 0.000000
100018 0 0 0 0.000000
100019 0 0 0 0.000000
100020 0 0 0 0.000000
100021 0 0 0 0.000000
100022 0 0 0 0.000000
100023 0 0 0 0.000000
100024 0 0 0 0.000000
100025 0 0 0 0.000000
100026 0 0 0 0.000000
100027 0 0 0 0.000000
100028 0 0 0 0.000000
100029 0 0 0 0.000000
100030 0 0 0 0.000000
100031 0 0 0 0.000000
100217 1 0 1 0.000000
100218 1 1 0 0.866739
100219 1 1 0 0.798949
100220 1 1 0 0.770889
100221 1 1 0 0.789049
100222 1 1 0 0.871170
100223 1 1 0 0.864347
100225 1 1 0 0.825555
100226 1 1 0 0.805732
100227 1 1 0 0.805732
100228 1 1 0 0.777203
100229 1 1 0 0.832315
100230 1 1 0 0.767598
100231 1 1 0 0.796155
100273 1 0 1 0.000000
100274 1 0 0 0.000000
100275 1 0 0 0.000000
100276 1 0 0 0.000000
100277 1 1 0 0.788579
100278 1 1 0 0.769001
100279 1 1 0 0.732551
100281 1 1 0 0.704450
100282 1 0 0 0.000000
100283 1 0 0 0.000000
100284 1 0 0 0.000000
100285 1 1 0 0.642700
100286 1 1 0 0.794510
100287 1 1 0 0.681941
100426 1 0 0 0.000000
100427 1 0 0 0.000000
100428 1 1 0 0.695044
100429 1 1 0 0.726822
100430 1 1 0 0.793429
100431 1 1 0 0.806443
100434 1 1 0 0.879108
100435 1 0 0 0.000000
100436 1 0 0 0.000000
100437 1 1 0 0.695448
100438 1 1 0 0.723632
100439 1 1 0 0.743049
100475 1 0 0 0.000000
100476 1 0 0 0.000000
100477 1 0 0 0.000000
100478 1 0 0 0.000000
100479 1 0 1 0.000000
100483 1 0 0 0.000000
100484 1 0 0 0.000000
100485 1 0 0 0.000000
100486 1 0 0 0.000000
100487 1 0 0 0.000000
100571 1 0 0 0.000000
100572 1 0 0 0.000000
100573 1 0 0 0.000000
100574 1 1 0 0.510647
100575 1 1 0 0.694382
100579 1 0 0 0.000000
100580 1 0 0 0.000000
100581 1 0 0 0.000000
100582 1 2 0 0.637094
100583 1 1 0 0.751777
100761 2 0 1 0.000000
100762 2 1 0 0.686869
100763 2 1 0 0.597701
100764 2 1 0 0.597701
100765 2 1 0 0.597701
100766 2 1 1 0.332853
100769 2 1 1 0.373333
100770 2 1 0 0.708333
100771 2 1 0 0.694823
100772 2 1 0 0.686869
100773 2 1 0 0.674221
100774 2 1 0 0.597701
100810 2 0 1 0.000000
100811 2 0 0 0.000000
100812 2 0 0 0.000000
100813 2 0 0 0.000000
100814 2 0 0 0.000000
100818 2 0 0 0.000000
100819 2 0 0 0.000000
100820 2 0 0 0.000000
100821 2 0 0 0.000000
100822 2 0 0 0.000000
100930 2 0 0 0.000000
100931 2 0 0 0.000000
100932 2 0 0 0.000000
100933 2 0 0 0.000000
100934 2 0 0 0.000000
100935 2 0 0 0.000000
100938 2 0 0 0.000000
100939 2 1 0 0.413687
100940 2 1 0 0.445939
100941 2 1 0 0.380924
100942 2 1 0 0.410591
100943 2 1 0 0.380924
101339 1 0 0 0.000000
101340 1 0 0 0.000000
101341 1 0 0 0.000000
101342 1 0 0 0.000000
101343 1 0 0 0.000000
101347 1 1 1 0.294085
101348 2 1 1 0.342199
101349 2 1 0 0.555556
101350 2 0 0 0.000000
101351 2 1 0 0.563674
101385 2 0 1 0.000000
101386 2 0 0 0.000000
101387 2 0 0 0.000000
101388 2 0 0 0.000000
101389 2 0 0 0.000000
101393 2 0 0 0.000000
101394 2 0 0 0.000000
101395 2 0 0 0.000000
101396 2 0 0 0.000000
101397 2 0 0 0.000000
101452 2 1 0 0.718447
101453 2 2 0 0.710355
101454 2 2 0 0.695409
101455 2 1 0 0.763926
101460 2 1 0 0.824179
101461 2 1 0 0.750300
101462 2 2 0 0.685388
101463 2 1 0 0.707830
101595 1 0 1 0.000000
101596 1 1 0 0.715431
101597 1 1 0 0.730632
101598 1 1 0 0.639574
101599 1 1 0 0.653333
101603 1 1 0 0.639574
101604 1 1 0 0.619230
101605 1 1 0 0.732315
101606 1 1 0 0.787398
101607 1 1 0 0.653334
101611 1 0 0 0.000000
101612 1 0 0 0.000000
101613 1 0 0 0.000000
101614 1 0 0 0.000000
101615 1 1 0 0.766030
101699 1 1 0 0.935767
101700 1 1 0 0.805721
101701 1 1 1 0.439502
101702 1 1 0 0.879004
101703 1 1 0 0.853116
101707 1 1 0 0.831835
101708 1 1 0 0.825790
101709 1 1 0 0.827816
101710 1 1 0 0.924580
101711 1 1 0 0.880543
101729 1 1 0 0.886627
101730 1 1 0 0.802892
101731 1 1 0 0.872301
101732 1 1 0 0.895116
101733 1 1 0 0.910538
101734 1 1 0 0.849005
101737 1 1 0 0.843383
101738 1 1 0 0.793176
101739 1 1 0 0.777127
101740 1 1 0 0.771953
101741 1 1 0 0.730610
101742 1 1 0 0.794305
101745 1 1 0 0.707825
101746 1 1 0 0.742538
101747 1 1 0 0.786882
101748 1 1 0 0.775868
101749 1 1 0 0.784499
101750 1 1 0 0.744743
101787 1 1 0 0.839257
101788 1 1 0 0.873299
101789 1 1 0 0.868134
101790 1 1 0 0.851566
101791 1 1 0 0.846204
101794 1 1 0 0.866746
101795 1 1 0 0.861429
101796 1 1 0 0.867157
101797 1 1 0 0.836600
101798 1 1 0 0.855327
101799 1 1 0 0.761834
