100080 0 0 0 0.000000
100081 0 0 0 0.000000
100082 0 0 0 0.000000
100083 0 0 0 0.000000
100084 0 0 0 0.000000
100085 0 0 0 0.000000
100086 0 0 0 0.000000
100088 0 0 0 0.000000
100089 0 0 0 0.000000
100090 0 0 0 0.000000
100091 0 0 0 0.000000
100092 0 0 0 0.000000
100093 0 0 0 0.000000
100094 0 0 0 0.000000
100168 1 0 1 0.000000
100169 1 1 0 0.610200
100170 1 1 0 0.658599
100171 1 0 0 0.000000
100172 1 0 0 0.000000
100173 1 1 0 0.542790
100203 1 0 0 0.000000
100204 1 0 0 0.000000
100205 1 0 0 0.000000
100206 1 0 0 0.000000
100207 1 1 0 0.480074
100211 1 1 0 0.730858
100212 1 1 0 0.828375
100213 1 1 0 0.774699
100214 1 1 0 0.693002
100215 1 1 0 0.663724
100219 1 1 0 0.825837
100220 1 0 0 0.000000
100221 1 0 0 0.000000
100222 1 0 0 0.000000
100223 1 0 0 0.000000
100346 1 0 0 0.000000
100347 1 0 0 0.000000
100348 1 1 0 0.576060
100349 1 0 0 0.000000
100350 1 0 0 0.000000
100351 1 0 0 0.000000
100499 1 0 0 0.000000
100500 1 0 0 0.000000
100501 1 0 0 0.000000
100502 1 1 0 0.802437
100503 1 1 0 0.922934
100507 1 1 0 0.842856
100508 1 0 0 0.000000
100509 1 0 0 0.000000
100510 1 0 0 0.000000
100511 1 0 0 0.000000
101041 0 0 1 0.000000
101042 0 0 1 0.000000
101043 0 0 1 0.000000
101044 0 0 2 0.000000
101045 0 0 2 0.000000
101046 0 0 2 0.000000
101047 0 0 1 0.000000
101049 0 0 2 0.000000
101050 0 0 1 0.000000
101051 0 0 1 0.000000
101052 0 0 1 0.000000
101053 0 0 1 0.000000
101054 0 0 1 0.000000
101055 0 0 3 0.000000
101057 0 0 1 0.000000
101058 0 0 1 0.000000
101059 0 0 1 0.000000
101060 0 0 1 0.000000
101061 0 0 1 0.000000
101062 0 0 2 0.000000
101063 0 0 2 0.000000
101129 2 0 1 0.000000
101130 2 1 1 0.422619
101131 2 1 0 0.770028
101132 2 1 0 0.764229
101133 2 0 0 0.000000
101134 2 1 0 0.715027
101135 2 1 0 0.710362
101137 2 1 0 0.614085
101138 2 1 0 0.631688
101139 2 1 0 0.656397
101140 2 1 0 0.565486
101141 2 1 0 0.617357
101142 2 1 0 0.612843
101143 2 1 0 0.720287
101145 2 1 0 0.647710
101146 2 2 0 0.481958
101147 2 2 0 0.493272
101148 2 2 0 0.504146
101149 2 2 0 0.541026
101150 2 2 0 0.493065
101151 2 2 0 0.448792
101153 2 2 0 0.491137
101154 2 2 0 0.504891
101155 2 2 0 0.491207
101156 2 2 0 0.503897
101157 2 2 0 0.474077
101158 2 2 0 0.509697
101159 2 2 0 0.487106
101161 2 2 0 0.471227
101162 2 2 0 0.437515
101163 2 2 0 0.468173
101164 2 2 0 0.431573
101165 2 2 0 0.482155
101166 2 2 0 0.524647
101167 2 2 0 0.502290
101240 2 1 1 0.329461
101241 2 1 0 0.490564
101242 2 1 0 0.459455
101243 2 1 1 0.313866
101244 2 1 1 0.305264
101245 2 1 1 0.298979
101248 2 1 2 0.204837
101249 2 1 1 0.300528
101250 2 2 0 0.885712
101251 2 2 0 0.843995
101252 2 1 1 0.479896
101253 2 1 1 0.489714
101313 2 2 0 0.914863
101314 2 2 0 0.870690
101315 2 2 0 0.904618
101316 2 2 0 0.915300
101317 2 2 0 0.895729
101318 2 2 0 0.824429
101321 2 1 0 0.732209
101322 2 1 0 0.718583
101323 2 1 0 0.806057
101324 2 2 0 0.792310
101325 2 2 0 0.811197
101326 2 2 0 0.735355
101387 2 1 0 0.654783
101388 2 1 0 0.592621
101389 2 1 0 0.626002
101390 2 1 0 0.626002
101391 2 1 0 0.579028
101395 2 1 0 0.565455
101396 2 1 0 0.579028
101397 2 2 0 0.742088
101398 2 2 0 0.697710
101399 2 2 0 0.703808
101874 1 0 0 0.000000
101875 1 0 0 0.000000
101876 1 0 0 0.000000
101877 1 0 0 0.000000
101878 1 0 0 0.000000
101879 1 0 0 0.000000
101882 1 0 0 0.000000
101883 1 1 0 0.705800
101884 1 1 0 0.620320
101885 1 1 0 0.557254
101886 1 1 0 0.501884
101887 1 1 1 0.261693
101890 1 1 0 0.526713
101891 1 1 0 0.540363
101892 1 1 0 0.550837
101893 1 1 0 0.531755
101894 1 1 0 0.537158
101895 1 1 0 0.596220
101898 1 1 0 0.569277
101899 1 1 0 0.500305
101900 1 1 0 0.520096
101901 1 1 0 0.516586
101902 1 1 0 0.456125
101903 1 1 0 0.488595
101988 1 0 1 0.000000
101989 1 1 0 0.973386
101990 1 1 0 0.974867
101991 1 1 0 0.932521
101996 1 1 0 0.938507
101997 1 1 0 1.069546
101998 1 1 1 0.522581
101999 1 1 0 1.058824
102004 1 1 0 0.986213
102005 1 1 0 0.954826
102006 1 1 0 0.998441
102007 1 1 0 0.993631
102012 1 1 1 0.458654
102013 1 1 1 0.461401
102014 1 1 0 0.922802
102015 1 1 0 0.979318
102016 1 1 0 0.911509
102017 1 1 0 0.925926
102018 1 1 0 0.993631
102019 1 1 0 0.987500
102020 1 1 0 1.025894
102021 1 1 0 0.994143
102024 1 1 0 0.854110
102025 1 1 0 0.867692
102026 1 1 0 0.901213
102027 1 1 0 0.857684
102028 1 1 0 0.925615
102029 1 1 1 0.433489
102032 1 1 0 0.844517
102033 1 1 0 0.843911
102034 1 1 0 0.789716
102035 1 1 0 0.725150
102036 1 1 0 0.831914
102037 1 1 0 0.844482
102038 1 0 0 0.000000
