100601 1 0 1 0.000000
100602 1 0 1 0.000000
100603 1 0 1 0.000000
100604 1 0 1 0.000000
100605 1 0 1 0.000000
100606 1 0 1 0.000000
100607 1 0 1 0.000000
100609 1 0 1 0.000000
100610 1 0 1 0.000000
100611 1 1 1 0.410413
100612 1 0 1 0.000000
100613 1 0 1 0.000000
100614 1 0 1 0.000000
100615 1 1 1 0.394816
100617 1 1 1 0.345919
100618 1 1 1 0.341647
100619 1 1 1 0.398447
100620 1 1 1 0.389054
100621 1 1 2 0.265074
100622 1 1 1 0.395010
100623 1 1 1 0.473216
100625 1 1 1 0.434840
100626 1 1 1 0.417251
100627 1 1 1 0.395879
100628 1 1 1 0.349766
100629 1 1 1 0.365666
100630 1 1 2 0.240383
100631 1 1 1 0.348917
100667 1 1 1 0.479624
100668 1 1 2 0.337036
100669 1 1 1 0.357673
100670 1 1 1 0.276905
100671 1 1 1 0.259485
100675 1 0 1 0.000000
100676 1 1 1 0.533089
100677 1 0 2 0.055257
100678 1 1 0 0.779902
100679 1 1 1 0.388181
100683 1 1 1 0.367658
100684 1 1 0 0.588318
100685 1 1 0 0.520267
100686 1 1 0 0.545950
100687 1 1 0 0.668478
100691 1 0 0 0.000000
100692 1 0 0 0.000000
100693 1 1 0 0.778192
100694 1 1 0 0.762180
100695 1 1 0 0.776362
102058 1 0 1 0.000000
102059 1 1 0 0.802581
102060 1 1 0 0.790086
102061 1 1 0 0.856571
102062 1 1 0 0.879202
102063 1 1 0 0.854567
102066 1 1 0 0.839148
102067 1 1 0 0.804268
102068 1 1 0 0.746399
102069 1 1 0 0.725682
102070 1 1 0 0.880853
102071 1 1 0 0.904917
102074 1 2 0 0.593045
102075 1 1 0 0.863391
102076 1 1 0 0.963742
102077 1 1 0 0.877812
102078 1 1 0 0.862001
102079 1 1 0 0.874631
102169 1 0 2 0.000000
102170 1 1 1 0.434211
102171 1 1 1 0.434211
102172 1 1 0 0.868421
102173 1 1 2 0.263446
102174 1 1 2 0.258994
102175 1 1 1 0.404866
102177 1 1 0 0.822785
102178 1 1 1 0.404866
102179 1 1 2 0.265564
102180 1 1 1 0.398346
102181 1 1 1 0.428772
102182 1 1 1 0.455590
102183 1 1 1 0.432704
102395 1 1 1 0.417163
102396 1 1 1 0.401186
102397 1 1 1 0.401186
102398 1 1 1 0.393913
102399 1 1 1 0.405054
102403 1 1 1 0.405054
102404 1 1 0 0.866792
102405 1 1 0 0.845954
102406 1 1 0 0.888649
102407 1 1 1 0.422598
102411 1 1 1 0.428190
102412 1 1 1 0.422598
102413 1 1 2 0.281071
102414 1 1 1 0.421607
102415 1 1 1 0.427976
102419 1 1 0 0.856380
102420 1 1 1 0.427724
102421 1 1 1 0.437688
102422 1 1 1 0.434780
102423 1 1 2 0.284376
102427 1 1 1 0.422598
102428 1 1 1 0.389621
102429 1 1 1 0.427724
102430 1 1 1 0.395169
102431 1 1 2 0.276415
102602 1 0 1 0.000000
102603 1 1 0 0.826470
102604 1 1 0 0.904722
102605 1 1 0 0.940231
102606 1 1 0 0.879303
102607 1 1 0 0.826032
102610 1 2 0 0.666301
102611 1 1 0 0.986917
102612 1 1 0 0.959833
102613 1 1 0 0.907767
102614 1 1 0 0.965418
102615 1 1 0 0.788095
102618 1 1 0 0.762025
102619 1 1 0 0.830744
102620 1 1 0 0.889992
102621 1 1 0 0.857780
102622 1 1 0 0.884537
102623 1 1 0 0.887680
103370 1 0 2 0.000000
103371 1 1 1 0.447400
103372 1 1 1 0.378541
103373 1 1 1 0.409227
103374 1 1 1 0.407747
103378 1 1 1 0.400305
103379 1 1 1 0.385326
103380 1 1 1 0.402340
103381 1 1 1 0.369418
103382 1 1 1 0.415110
103386 1 1 1 0.380511
103387 1 1 1 0.384172
103388 1 1 0 0.668973
103389 1 1 0 0.690507
103390 1 1 1 0.335849
103394 1 1 2 0.215800
103395 1 1 1 0.326891
103396 1 1 1 0.285673
103397 1 1 2 0.189549
103398 1 1 1 0.293013
103450 2 0 1 0.000000
103451 2 1 0 0.870795
103452 2 1 0 0.813820
103453 2 1 0 0.764613
103454 2 1 0 0.740443
103455 2 1 0 0.772971
103458 2 2 0 0.841259
103459 2 1 0 0.685794
103460 2 1 0 0.694861
103461 2 1 0 0.722305
103462 2 1 0 0.761078
103463 2 1 0 0.667278
103466 2 2 0 0.761634
103467 2 1 0 0.769054
103468 2 2 0 0.781839
103469 2 2 0 0.766528
103470 2 2 0 0.780929
103471 2 2 0 0.769813
103531 3 0 1 0.000000
103532 3 1 1 0.396928
103533 3 1 0 0.713756
103534 3 1 1 0.360849
103535 3 1 0 0.746595
103539 3 1 1 0.423044
103540 3 1 0 0.925413
103541 3 1 1 0.363030
103542 3 1 1 0.389690
103543 3 1 1 0.314449
103579 3 0 2 0.000000
103580 3 0 2 0.000000
103581 3 0 2 0.000000
103582 3 1 1 0.330384
103583 3 1 1 0.363174
103587 3 1 2 0.223407
103588 3 1 2 0.209824
103589 3 1 1 0.278092
103590 3 1 2 0.159949
103591 3 1 2 0.172428
103795 2 0 2 0.000000
103796 2 2 1 0.565268
103797 2 2 0 0.858012
103798 2 2 3 0.335039
103799 2 2 1 0.559588
103803 2 2 0 0.868330
103804 2 2 0 0.842415
103805 2 2 1 0.567646
103806 2 2 1 0.565930
103807 2 2 1 0.576990
104259 0 0 3 0.000000
104260 0 0 4 0.000000
104261 0 0 4 0.000000
104262 0 0 3 0.000000
104267 1 0 2 0.000000
104268 1 0 2 0.000000
104269 1 0 2 0.000000
104270 1 0 3 0.000000
104310 3 0 2 0.000000
