100321 0 0 1 0.000000
100322 0 0 1 0.000000
100323 2 0 1 0.000000
100324 2 2 1 0.502990
100325 2 2 0 0.705778
100330 2 2 0 0.757387
100331 2 1 0 0.756757
100337 2 1 0 0.824458
100338 2 1 0 0.824458
100340 2 2 1 0.500643
100341 2 2 1 0.480126
100342 2 1 1 0.397192
100520 2 0 1 0.000000
100521 2 1 1 0.332215
100522 2 0 0 0.000000
100665 2 0 0 0.000000
100666 2 0 0 0.000000
100667 2 0 0 0.000000
100668 2 1 0 0.659167
100796 1 0 0 0.000000
100800 1 0 0 0.000000
100801 1 0 0 0.000000
100802 1 0 0 0.000000
100803 1 0 0 0.000000
100804 1 0 0 0.000000
101176 2 0 1 0.000000
101177 2 1 0 0.363124
101178 2 1 0 0.412276
101179 2 0 1 0.213551
101180 2 0 1 0.294989
101181 2 0 0 0.000000
101182 2 1 0 0.762135
101362 2 0 1 0.000000
101363 2 1 0 0.704268
101364 2 1 0 0.652968
101365 2 1 0 0.632219
101366 2 1 0 0.704268
101370 2 0 0 0.000000
101371 2 1 0 0.652968
101372 2 0 0 0.000000
101373 2 1 0 0.903010
101374 2 1 0 0.704268
101386 2 2 0 0.707856
101387 2 1 0 0.767442
101388 2 1 0 0.704268
101389 2 0 0 0.000000
101390 2 1 0 0.792013
101391 2 1 0 0.652968
101398 2 1 0 0.704268
101399 2 1 0 0.704268
