100233 1 0 1 0.000000
100234 1 1 0 0.833034
100242 1 1 0 0.924005
100243 1 1 0 0.838132
100251 1 1 0 0.860946
100252 1 1 0 0.897499
100253 1 1 0 0.745280
100254 1 1 0 0.862067
100258 1 1 0 0.824740
100259 1 1 0 0.761553
100260 1 1 0 0.752386
100261 1 0 0 0.000000
100401 2 0 2 0.000000
100409 2 0 0 0.000000
100410 2 0 0 0.000000
100411 2 0 0 0.000000
100412 2 1 0 0.685225
100413 2 2 0 0.701879
100468 1 0 1 0.000000
100469 1 1 0 0.775510
100470 1 1 0 0.978612
100471 1 0 0 0.000000
100611 2 0 2 0.000000
100612 2 2 0 0.657281
100613 2 2 0 0.750632
100614 2 2 0 0.751220
100615 2 2 0 0.756825
100618 2 2 0 0.679315
100619 2 2 0 0.704627
100682 2 0 2 0.000000
100684 2 1 0 0.911214
100690 2 2 0 0.864029
100691 2 2 0 0.839711
100692 2 2 0 0.851232
101258 1 0 1 0.000000
101259 1 1 0 0.539959
101260 1 1 0 0.505228
101267 1 1 0 0.503907
101268 1 1 0 0.554766
101311 1 1 0 0.635919
101312 1 1 0 0.582821
101313 1 1 0 0.609094
101314 1 1 0 0.675298
101315 1 1 0 0.694277
101323 1 1 0 0.533160
101702 1 0 1 0.000000
101707 1 1 0 0.989269
101708 1 1 0 0.957171
101715 1 1 0 0.933998
101716 1 1 0 0.951604
